O -0.039609 -0.144776 -5.95958
O -1.4367 0.809416 -1.76745
O 1.51461 2.59974 -1.61612
O 0.168988 2.76021 -0.269965
O 0.049623 0.243533 -3.99184
O 0.75895 2.36386 -0.474831
O 0.0390963 2.07096 -4.18222
O -1.01938 1.82562 -0.137082
O 0.747834 3.07242 -0.742052
O -0.977281 0.492781 -5.66219
O 2.04951 1.5012 -2.2961
O -1.24132 2.09223 -2.12311
O -0.958933 2.22945 -3.02727
O 0.840485 0.516849 -5.07759
O 1.27961 0.290738 -3.37464
O 0.772045 0.701681 -3.27798
O -0.0544051 0.628857 -2.16048
O -0.0388307 0.0433354 -4.59984
O -0.726426 0.879272 -4.57781
O -0.0359987 3.1766 -0.851025
O -0.323212 0.822686 -1.56934
O 0.544672 -0.619968 -2.83566
O 0.658344 0.0366522 -3.11371
O -0.268663 0.493254 -5.60092
O -0.94646 1.47981 -4.83727
O 0.0209102 -0.659389 -4.66922
O -1.35426 1.74128 -0.775128
O 1.37347 1.89789 -2.06792
O -0.0194785 1.37829 -0.669199
O -1.10084 2.21019 -1.34213
O -0.275664 1.47108 -4.57973
O 0.498361 1.4038 -1.18754
O 1.80585 0.360995 -2.88017
O -0.608485 -0.46226 -1.91194
O -0.170659 2.30381 -1.9292
O -1.42732 0.996976 -4.39456
O 2.24171 1.75593 -2.98821
O 0.483945 2.31429 -3.01594
O 1.02868 2.03652 -2.66097
O 1.05649 3.24431 -2.68965
O -0.273639 1.23548 -2.73142
O 1.58569 1.13678 -4.13007
O -0.678968 -0.289368 -4.75799
O -1.24796 0.326814 -4.50782
O 0.900338 0.903485 -2.47883
O -0.641935 0.6259 -3.2753
O 0.904971 2.27003 -4.37522
O -0.668454 1.83027 -1.8331
O 0.483306 1.72218 -4.62157
O 0.151333 1.33517 -4.10651
O -1.13604 0.0610228 -3.37373
O -1.46055 0.739084 -2.48657
O -0.552269 0.999761 -0.986981
O -0.33487 0.307468 -1.00314
O 0.680115 0.148022 -3.75671
O -0.927199 0.539631 -0.626241
O -0.267669 0.990675 -5.08885
O -0.500747 2.87417 -2.90716
O -0.80837 1.62301 -1.13
O -0.788745 1.72248 -2.55169
O -1.61846 0.420427 -3.85694
O 1.40121 1.40563 -2.49073
O 0.456164 -0.307735 -4.19604
O -0.450952 0.0565824 -2.36837
O 0.105233 0.595736 -6.15178
O -1.41881 1.60053 -1.55471
O 0.383015 0.212049 -0.857134
O 0.145986 -0.036467 -2.0586
O 0.69369 1.77577 -3.95383
O 1.98779 2.16209 -1.96305
O 1.03514 3.07931 -1.94461
O 0.0944025 -0.092641 -2.76835
O 1.76601 2.1778 -3.39538
O 1.48004 1.93861 -1.37999
O -0.780223 -0.476344 -2.679
O 0.172712 1.93649 -0.982174
O 0.435302 3.24704 -1.44264
O 1.62296 0.802956 -2.32
O -0.580772 2.96554 -0.378576
O -1.23161 0.0350801 -5.13504
O -0.385613 2.16467 -1.30892
O -0.320857 1.55619 0.00357067
O -0.507659 1.67897 -3.16087
O -0.591992 0.192352 -6.21759
O 0.50346 1.36298 -3.48983
O -0.700305 1.99655 -4.30062
O 0.24481 3.13765 -2.83855
O 1.94643 1.45132 -3.5931
O 1.66701 0.358909 -4.11846
O 0.722105 1.63079 -0.568409
O 1.48597 1.61883 -3.12387
O -0.846684 1.30382 -4.11619
O 1.14738 1.23677 -3.59151
O -0.0623637 -0.625532 -2.34871
O -0.595257 0.282548 -4.34764
O -0.618789 0.898791 -6.15562
O 1.20177 1.60765 -4.54203
O -0.589557 0.367066 -5.0249
O -0.979081 0.289161 -2.72276
O 0.428415 3.3585 -2.20871
O 0.0728092 0.450518 -3.31788
O -0.636548 2.38722 -2.41618
O -0.382332 1.27215 -2.07615
O -0.770253 1.1552 -5.4735
O 1.19481 2.49347 -3.73642
O 1.34197 2.5402 -0.885471
O 1.21277 0.805607 -4.61279
O -1.11421 0.119658 -2.00945
O -0.827764 -0.168393 -1.25972
O -0.259999 3.03803 -2.14084
O 1.13746 0.317923 -2.66222
O 0.381825 2.74083 -1.93765
O 0.393777 0.912456 -5.48935
O 0.806724 0.662918 -1.30601
O 0.0834629 -0.212241 -3.49219
O 0.650825 0.914588 -0.640112
O 0.861164 2.69681 -1.36991
O 0.74875 2.68778 -2.51745
O 0.806381 1.16823 -4.21025
O 0.359208 2.21218 -1.54309
O 0.0532858 2.58227 -2.53061
O 0.123703 1.55639 -5.19908
O 0.121224 0.854459 -1.04667
O 0.277044 1.19075 -2.31532
O -1.34676 0.736708 -3.21394
O 1.26952 2.53851 -3.0233
O 1.16003 1.31053 -1.13193
O -0.519128 0.159083 -3.70278
O -0.114554 1.14961 -3.37642
O -0.202981 1.48012 -1.35575
O 1.25736 -0.233709 -3.82692
O 0.384136 0.795011 -3.82177
O 0.142236 0.460778 -5.0436
O 0.762161 -0.15009 -2.34123
O 0.339817 2.5816 -0.981517
O -1.0548 1.84242 -3.64275
O -0.764568 0.70526 -2.15173
O 0.71766 -0.0589356 -1.57024
O 0.273605 1.69092 -2.85548
O -1.47595 1.22035 -3.71636
O 0.566697 -0.13426 -4.90961
O -0.772761 2.62531 -1.78903
O -1.18154 1.34356 -2.20147
O 0.93841 2.33182 -1.92465
O 0.0705232 -0.840579 -3.79779
O -0.93929 0.521332 -1.38055
O -0.754125 1.25422 -0.450068
O 0.0211616 2.71209 -3.37137
O -0.449625 2.30505 -0.0702993
O 0.867498 1.41104 -2.93674
O 1.72298 2.06597 -2.65676
O -0.472882 1.85345 -0.646833
O 0.410766 1.05377 -4.75398
O 0.32802 1.26221 -0.0833737
O 0.696005 -0.553598 -3.52584
O 1.74529 0.771031 -3.53053
O 1.88862 -0.00961387 -3.50486
O 0.908236 1.29548 -5.12075
O 0.499768 2.41813 -3.76596
O -0.272169 0.580256 -2.75513
O -0.351738 0.844444 -3.8917
O 0.7698 1.56146 -2.27813
O -0.869385 1.18693 -1.61645
O -0.113554 2.7994 -1.45437
O 1.08182 0.635163 -3.92164
O -0.0441018 -0.289672 -1.39876
O 0.600743 0.508518 -2.01664
O 0.163855 1.67656 -1.82916
O 0.327695 0.986208 -2.92577
O 0.928965 1.96024 -3.3519
O -0.079583 0.75262 -4.45888
O 0.134578 1.90193 -3.48562
O -0.127537 1.22865 -5.78984
O 0.422088 0.434382 -2.63039
O -0.841941 1.20711 -3.44025
O -0.328038 -0.371118 -4.11107
O 0.745998 2.90332 -3.28183
O -0.4466 0.198086 -1.72754
O -1.27389 1.06429 -1.04327
O -0.45936 -0.0316867 -3.07936
O 1.08046 0.0792881 -4.43699
O -0.946795 2.34308 -0.655891
O -0.165255 1.83886 -2.40119
O -0.22236 2.2018 -2.96654
O -0.860589 1.01852 -2.74927
O -0.247231 2.47297 -0.746243
O 1.58687 1.3072 -1.76415
O -0.687129 -0.156002 -5.55896
O -0.664217 -0.532737 -3.51115
O -0.0861542 -0.179002 -5.24246
O 0.55031 0.468515 -4.41814
O -0.363014 1.6046 -3.82084
O -1.4176 1.13942 -0.333869
O -1.20686 0.787983 -5.05658
O -1.39356 1.72257 -4.28595
O 0.967299 1.08284 -1.83665
O 1.38619 1.81468 -3.89214
O -0.165493 0.743377 -0.406642
O 0.458678 0.193784 -5.60015
O 1.96832 1.10243 -2.91016
O -0.137776 -0.714935 -3.06676
O 0.161182 2.01139 -0.306783
O -1.05335 -0.172546 -4.05584
O 1.33176 0.907741 -3.00521
O 1.25827 -0.312591 -3.02971
O 1.44078 2.61876 -2.3325
O 0.439422 2.10731 -2.29394
O 0.309546 1.03749 -1.68249
O -1.30458 1.50782 -2.98874
O 1.23751 0.391901 -1.90881
O 0.179422 0.370747 -1.50575
O 0.865901 2.05633 -1.09621
O -0.475346 2.28452 -3.63147
O 0.84284 1.71382 -1.65746
O -0.995705 0.643726 -3.89815
O -0.716168 2.84801 -1.11151