 498
 1488
 992
 1488

Atoms

1 1 1   1.617303e+00  2.727135e+00  1.189564e+00
2 1 1   1.062892e+00  2.774401e+00  1.258902e+00
3 1 1   4.934160e-01  2.805187e+00  1.279345e+00
4 1 1   -6.303799e-02  2.834181e+00  1.280613e+00
5 1 1   -5.983820e-01  2.848274e+00  1.270757e+00
6 1 1   -1.081323e+00  2.895948e+00  1.222335e+00
7 1 1   -8.765580e-01  3.330557e+00  1.003391e+00
8 1 1   7.605500e-01  2.313178e+00  1.249408e+00
9 1 1   1.854610e-01  2.341691e+00  1.227928e+00
10 1 1  -3.967250e-01  2.357898e+00  1.239138e+00
11 1 1  -9.953870e-01  2.371771e+00  1.274238e+00
12 1 1  -8.015199e-02  3.644096e+00  7.755465e-01
13 1 1  2.129490e-01  3.280780e+00  1.123941e+00
14 1 1  4.950440e-01  3.599827e+00  7.916645e-01
15 1 1  7.852960e-01  3.227191e+00  1.101772e+00
16 1 1  1.056567e+00  3.518828e+00  7.341055e-01
17 1 1  1.360924e+00  3.170405e+00  9.989445e-01
18 1 1  2.224540e-01  3.842142e+00  3.696055e-01
19 1 1  1.619587e+00  3.413686e+00  5.498715e-01
20 1 1  -8.579699e-02  1.904639e+00  1.061714e+00
21 1 1  1.293358e+00  3.654667e+00  2.686575e-01
22 1 1  7.655480e-01  3.781928e+00  3.373445e-01
23 1 1  5.380860e-01  3.861609e+00  -1.338155e-01
24 1 1  -3.482940e-01  3.310282e+00  1.096243e+00
25 1 1  -3.086680e-01  -9.054421e-01  -6.092655e-01
26 1 1  5.011901e-02  -2.681634e+00  -1.279370e+00
27 1 1  5.912770e-01  -2.478942e+00  -1.265533e+00
28 1 1  -4.214830e-01  -2.354295e+00  -1.233357e+00
29 1 1  9.706601e-02  -2.170776e+00  -1.164565e+00
30 1 1  6.335890e-01  -1.990513e+00  -1.132258e+00
31 1 1  1.140262e+00  -1.777506e+00  -1.141279e+00
32 1 1  1.076043e+00  -2.781040e+00  -1.253534e+00
33 1 1  1.141092e+00  -2.298715e+00  -1.268124e+00
34 1 1  1.295370e-01  -1.703985e+00  -9.611355e-01
35 1 1  6.529640e-01  -1.510445e+00  -9.300455e-01
36 1 1  -2.401710e-01  -3.817911e-01  -4.514465e-01
37 1 1  1.655689e+00  -4.989591e-01  -9.713775e-01
38 1 1  -3.635930e-01  -1.394316e+00  -8.297335e-01
39 1 1  1.658750e-01  -1.235973e+00  -7.360825e-01
40 1 1  6.982270e-01  -1.031835e+00  -7.354325e-01
41 1 1  1.657941e+00  -1.564905e+00  -1.201082e+00
42 1 1  1.661272e+00  -1.052061e+00  -1.081054e+00
43 1 1  1.170869e+00  -1.286740e+00  -9.759585e-01
44 1 1  1.205307e+00  -7.799601e-01  -8.268905e-01
45 1 1  7.561210e-01  -5.324681e-01  -5.963475e-01
46 1 1  2.209980e-01  -7.561431e-01  -5.456005e-01
47 1 1  2.425991e+00  1.221946e+00  1.284960e+00
48 1 1  1.605870e+00  8.114869e-01  1.010420e+00
49 1 1  2.123467e+00  7.458939e-01  1.196918e+00
50 1 1  2.911881e+00  1.644199e-01  1.270636e+00
51 1 1  2.114413e+00  -1.963281e-01  1.150774e+00
52 1 1  2.380742e+00  2.450249e-01  1.238454e+00
53 1 1  2.673923e+00  7.022289e-01  1.284891e+00
54 1 1  1.328771e+00  2.272989e+00  1.280665e+00
55 1 1  1.841199e+00  2.749739e-01  1.039054e+00
56 1 1  1.357140e+00  3.663529e-01  8.177375e-01
57 1 1  5.352970e-01  1.000402e+00  6.913775e-01
58 1 1  2.158578e+00  1.712604e+00  1.285041e+00
59 1 1  1.870029e+00  1.256067e+00  1.197908e+00
60 1 1  1.601750e+00  1.768368e+00  1.237262e+00
61 1 1  1.337131e+00  1.334513e+00  1.052766e+00
62 1 1  7.908510e-01  1.407265e+00  9.218115e-01
63 1 1  2.245710e-01  1.459358e+00  8.543685e-01
64 1 1  3.195350e+00  6.436659e-01  1.143925e+00
65 1 1  1.094428e+00  9.154889e-01  8.288605e-01
66 1 1  2.618302e+00  -3.120541e-01  1.280645e+00
67 1 1  4.854730e-01  1.876359e+00  1.075568e+00
68 1 1  1.047080e+00  1.827453e+00  1.145625e+00
69 1 1  1.937012e-03  3.901222e+00  -1.096855e-01
70 1 1  -3.493960e-01  3.851137e+00  3.049765e-01
71 1 1  -1.946999e+00  3.380819e+00  -1.035215e-01
72 1 1  -1.613938e+00  3.409732e+00  -5.548975e-01
73 1 1  -9.312299e-02  3.507785e+00  -9.361195e-01
74 1 1  1.534401e-02  3.118095e+00  -1.207745e+00
75 1 1  -5.722900e-01  3.314893e+00  -1.065967e+00
76 1 1  -9.536760e-01  2.939880e+00  -1.218204e+00
77 1 1  -1.467488e+00  3.620046e+00  1.207853e-02
78 1 1  -1.443507e+00  3.037304e+00  -1.066556e+00
79 1 1  -1.880451e+00  3.037931e+00  -8.644375e-01
80 1 1  -5.349799e-02  2.564380e+00  -1.268949e+00
81 1 1  -6.564030e-01  2.377999e+00  -1.252197e+00
82 1 1  -4.534180e-01  2.856366e+00  -1.269418e+00
83 1 1  -1.132386e+00  3.388675e+00  -8.644095e-01
84 1 1  -2.289440e-01  3.777232e+00  -5.307775e-01
85 1 1  -6.053920e-01  3.845590e+00  -1.742905e-01
86 1 1  -9.410760e-01  3.775765e+00  1.887345e-01
87 1 1  -1.127464e+00  3.676926e+00  -3.721935e-01
88 1 1  -6.443200e-01  3.650767e+00  6.800465e-01
89 1 1  -1.225650e+00  2.507459e+00  -1.279431e+00
90 1 1  -6.834980e-01  3.632900e+00  -6.930285e-01
91 1 1  2.937440e-01  3.729334e+00  -6.175235e-01
92 1 1  -1.209943e+00  3.570939e+00  5.635535e-01
93 1 1  2.582816e+00  2.040593e+00  -1.118696e+00
94 1 1  2.026833e+00  2.122799e+00  -1.262471e+00
95 1 1  1.689089e+00  3.522177e+00  -5.630347e-02
96 1 1  2.513337e+00  2.841191e+00  -5.152325e-01
97 1 1  1.088466e+00  3.740575e+00  -1.612245e-01
98 1 1  1.460232e+00  2.144471e+00  -1.272444e+00
99 1 1  7.915720e-01  3.662484e+00  -6.066235e-01
100 1 1 2.066112e+00  3.280515e+00  2.708975e-01
101 1 1 1.761431e+00  1.611422e+00  -1.233231e+00
102 1 1 2.180691e+00  3.208990e+00  -2.543125e-01
103 1 1 4.618520e-01  2.831635e+00  -1.272633e+00
104 1 1 9.197460e-01  2.444353e+00  -1.274435e+00
105 1 1 1.366954e+00  2.683365e+00  -1.244411e+00
106 1 1 1.852063e+00  2.617653e+00  -1.167507e+00
107 1 1 2.367032e+00  2.519124e+00  -9.896375e-01
108 1 1 2.809605e+00  2.398746e+00  -7.011915e-01
109 1 1 1.801620e+00  3.312460e+00  -5.618865e-01
110 1 1 1.365757e+00  3.528527e+00  -5.339955e-01
111 1 1 1.061372e+00  3.364539e+00  -9.167625e-01
112 1 1 2.079133e+00  2.958770e+00  -8.126085e-01
113 1 1 1.532876e+00  3.106813e+00  -9.815335e-01
114 1 1 4.906450e-01  3.372677e+00  -1.030880e+00
115 1 1 9.389040e-01  3.003386e+00  -1.195898e+00
116 1 1 -1.780715e+00  2.944199e-01  1.014194e+00
117 1 1 -1.421641e+00  1.342279e+00  1.083438e+00
118 1 1 -1.128853e+00  9.175109e-01  8.438415e-01
119 1 1 -6.099700e-01  1.010559e+00  7.128635e-01
120 1 1 -2.169084e+00  -4.194131e-01  1.183439e+00
121 1 1 -2.133252e+00  6.666439e-01  1.192783e+00
122 1 1 -8.681190e-01  4.851639e-01  6.313425e-01
123 1 1 -3.418570e-01  5.876309e-01  5.169595e-01
124 1 1 -1.146713e+00  -7.849210e-02  6.977705e-01
125 1 1 -6.254880e-01  5.205990e-02  5.008775e-01
126 1 1 -2.630645e+00  4.667239e-01  1.283409e+00
127 1 1 -7.934700e-01  -4.910841e-01  6.051495e-01
128 1 1 -1.199142e+00  1.854153e+00  1.183968e+00
129 1 1 -2.509482e+00  1.033404e+00  1.284984e+00
130 1 1 -4.494799e-02  1.038609e+00  6.503805e-01
131 1 1 -6.566320e-01  1.910321e+00  1.111361e+00
132 1 1 -3.466010e-01  1.473217e+00  8.728715e-01
133 1 1 -1.962432e+00  1.200969e+00  1.213965e+00
134 1 1 -1.344766e+00  3.651089e-01  8.134115e-01
135 1 1 -1.666022e+00  -1.990081e-01  9.526625e-01
136 1 1 -1.620975e+00  8.249099e-01  1.021117e+00
137 1 1 -1.287243e+00  -6.074411e-01  8.268625e-01
138 1 1 -2.199141e+00  9.168090e-02  1.180850e+00
139 1 1 -8.950080e-01  1.428623e+00  9.577075e-01
140 1 1 3.686479e+00  6.079869e-01  -6.338365e-01
141 1 1 1.640308e+00  8.919890e-02  -9.297315e-01
142 1 1 3.312693e+00  -1.162601e-01  -1.105219e+00
143 1 1 2.434360e+00  1.114719e-01  -1.244595e+00
144 1 1 2.918708e+00  3.910109e-01  -1.261075e+00
145 1 1 2.467192e+00  1.156999e+00  -1.280801e+00
146 1 1 3.814841e+00  8.213649e-01  -1.398035e-01
147 1 1 2.962384e+00  9.423519e-01  -1.213069e+00
148 1 1 2.437756e+00  6.672599e-01  -1.262601e+00
149 1 1 3.381237e+00  9.131979e-01  -9.472595e-01
150 1 1 2.063033e+00  -1.884781e-01  -1.125968e+00
151 1 1 2.817605e+00  1.532196e+00  -1.168085e+00
152 1 1 1.952451e+00  1.051695e+00  -1.181692e+00
153 1 1 3.239874e+00  1.405664e+00  -9.159005e-01
154 1 1 2.097388e+00  -7.686561e-01  -1.186238e+00
155 1 1 2.258187e+00  1.614153e+00  -1.280205e+00
156 1 1 3.097257e+00  -6.809391e-01  -1.186996e+00
157 1 1 2.885161e+00  -1.552441e-01  -1.270628e+00
158 1 1 2.533452e+00  -4.993501e-01  -1.270445e+00
159 1 1 1.999325e+00  4.420489e-01  -1.116587e+00
160 1 1 3.353638e+00  4.223819e-01  -1.057199e+00
161 1 1 2.611003e+00  -1.038448e+00  -1.278751e+00
162 1 1 3.605654e+00  1.164655e+00  -5.289315e-01
163 1 1 3.663740e+00  5.603390e-02  -7.509885e-01
164 1 1 -3.640610e+00  -9.291811e-01  -5.908395e-01
165 1 1 -3.863973e+00  -5.176411e-01  -1.511955e-01
166 1 1 -3.760306e+00  -1.042521e+00  -1.249775e-01
167 1 1 -3.441345e+00  -1.834266e+00  1.565005e-01
168 1 1 -3.147740e+00  -2.075612e+00  5.715765e-01
169 1 1 -3.365476e+00  -6.632071e-01  -1.013676e+00
170 1 1 -3.630911e+00  -1.380723e+00  2.424515e-01
171 1 1 -3.770083e+00  -8.190631e-01  3.458675e-01
172 1 1 -3.837664e+00  -3.119991e-01  3.695205e-01
173 1 1 -2.745499e+00  -1.171476e+00  1.256118e+00
174 1 1 -3.555926e+00  -1.476463e+00  -3.689705e-01
175 1 1 -3.329813e+00  -1.215425e+00  -9.006285e-01
176 1 1 -2.249536e+00  -9.611461e-01  1.251411e+00
177 1 1 -3.209606e+00  -2.739011e-01  1.164130e+00
178 1 1 -2.711186e+00  -6.197331e-01  1.284291e+00
179 1 1 -3.593578e+00  2.354290e-02  8.456445e-01
180 1 1 -2.677812e+00  -1.074151e-01  1.283804e+00
181 1 1 -3.200049e+00  -7.965751e-01  1.118931e+00
182 1 1 -3.581761e+00  -5.232631e-01  8.128165e-01
183 1 1 -3.164351e+00  -1.306861e+00  1.024401e+00
184 1 1 -3.108622e+00  2.332149e-01  1.212854e+00
185 1 1 -3.340190e+00  -1.623918e+00  6.743865e-01
186 1 1 -2.881800e+00  -1.740228e+00  1.071093e+00
187 1 1 -3.527012e+00  -1.077197e+00  7.158525e-01
188 1 1 1.198770e+00  3.496739e-01  -7.381655e-01
189 1 1 1.238945e+00  -2.327311e-01  -7.430085e-01
190 1 1 -7.026060e-01  3.369090e-02  -5.194555e-01
191 1 1 -7.954570e-01  9.025519e-01  -7.189465e-01
192 1 1 -5.083930e-01  5.502349e-01  -5.349135e-01
193 1 1 -1.796970e-01  1.035234e+00  -6.509025e-01
194 1 1 1.040868e+00  9.060009e-01  -8.017055e-01
195 1 1 7.092950e-01  5.335229e-01  -5.834825e-01
196 1 1 4.792550e-01  9.612359e-01  -6.604045e-01
197 1 1 1.560603e+00  6.814499e-01  -9.597555e-01
198 1 1 7.248901e-02  6.468559e-01  -5.036915e-01
199 1 1 8.056970e-01  -9.773100e-03  -5.525685e-01
200 1 1 3.327150e-01  2.310469e-01  -4.427145e-01
201 1 1 -1.816260e-01  1.323009e-01  -4.158795e-01
202 1 1 2.877240e-01  -2.626671e-01  -4.390325e-01
203 1 1 4.046220e-01  2.287363e+00  -1.216148e+00
204 1 1 1.253826e+00  1.656846e+00  -1.129917e+00
205 1 1 -5.372550e-01  1.334450e+00  -8.317475e-01
206 1 1 -1.333870e-01  1.611335e+00  -9.194855e-01
207 1 1 2.592180e-01  1.335913e+00  -7.934375e-01
208 1 1 8.182900e-01  1.394766e+00  -9.188725e-01
209 1 1 1.418194e+00  1.191759e+00  -1.031452e+00
210 1 1 8.787970e-01  1.952241e+00  -1.154775e+00
211 1 1 3.887250e-01  1.795527e+00  -1.025294e+00
212 1 1 -1.321940e-01  2.089913e+00  -1.137138e+00
213 1 1 1.441243e+00  -3.546759e+00  4.472005e-01
214 1 1 9.858350e-01  -3.760271e+00  2.488295e-01
215 1 1 1.978763e+00  -3.335701e+00  -2.837735e-01
216 1 1 8.873620e-01  -3.578832e+00  7.236225e-01
217 1 1 4.218190e-01  -3.439129e+00  9.907295e-01
218 1 1 1.307686e+00  -3.325284e+00  8.772235e-01
219 1 1 8.911430e-01  -3.167460e+00  1.126603e+00
220 1 1 1.456183e+00  -2.919522e+00  1.143772e+00
221 1 1 1.798345e+00  -3.190935e+00  7.602425e-01
222 1 1 1.981747e+00  -2.748578e+00  1.056771e+00
223 1 1 2.473716e+00  -2.519255e+00  9.247885e-01
224 1 1 1.507780e+00  -3.467825e+00  -5.517775e-01
225 1 1 2.254570e+00  -2.991924e+00  6.245295e-01
226 1 1 1.941930e+00  -3.363438e+00  2.655175e-01
227 1 1 -5.635299e-02  -3.214395e+00  1.170107e+00
228 1 1 4.358420e-01  -2.945907e+00  1.258703e+00
229 1 1 9.842810e-01  -2.680260e+00  1.279328e+00
230 1 1 1.530233e+00  -2.433507e+00  1.277097e+00
231 1 1 1.516910e+00  -3.606496e+00  -4.975047e-02
232 1 1 4.382150e-01  -3.769298e+00  5.271895e-01
233 1 1 5.096960e-01  -2.417388e+00  1.255755e+00
234 1 1 1.049019e+00  -2.158147e+00  1.239449e+00
235 1 1 1.581609e+00  -1.904639e+00  1.256797e+00
236 1 1 2.050306e+00  -2.246697e+00  1.241610e+00
237 1 1 -2.038097e+00  -2.913061e-01  -1.122113e+00
238 1 1 -1.169199e+00  -1.528791e-01  -7.068895e-01
239 1 1 -2.450095e+00  -5.962491e-01  -1.261917e+00
240 1 1 -1.882324e+00  -1.401721e+00  -1.221993e+00
241 1 1 -1.934444e+00  -8.715551e-01  -1.146672e+00
242 1 1 -4.083580e-01  -1.854268e+00  -1.051016e+00
243 1 1 -1.392163e+00  -2.232636e+00  -1.275868e+00
244 1 1 -1.406989e+00  -1.133241e+00  -1.009296e+00
245 1 1 -8.223390e-01  -1.061745e+00  -7.826455e-01
246 1 1 -1.858577e+00  -2.535711e+00  -1.198974e+00
247 1 1 -2.929315e+00  -9.177821e-01  -1.226793e+00
248 1 1 -2.406687e+00  -1.149212e+00  -1.278713e+00
249 1 1 -9.152870e-01  -1.512564e+00  -9.903315e-01
250 1 1 -9.099140e-01  -2.019516e+00  -1.179971e+00
251 1 1 -1.396453e+00  -1.676936e+00  -1.168662e+00
252 1 1 -1.872581e+00  -1.961315e+00  -1.280544e+00
253 1 1 -2.369613e+00  -1.699583e+00  -1.266206e+00
254 1 1 -9.065980e-01  -2.564525e+00  -1.280699e+00
255 1 1 -1.593309e+00  -5.232731e-01  -9.476065e-01
256 1 1 -1.382787e+00  -2.784508e+00  -1.213565e+00
257 1 1 -1.173411e+00  -6.995751e-01  -7.945015e-01
258 1 1 -7.258720e-01  -5.160911e-01  -5.842405e-01
259 1 1 -9.533970e-01  -3.536729e+00  -7.542215e-01
260 1 1 -3.029880e-04  -3.657875e+00  -7.624095e-01
261 1 1 1.005601e-02  -3.883688e+00  -2.596875e-01
262 1 1 -5.051030e-01  -3.880272e+00  -4.344659e-04
263 1 1 5.140780e-01  -3.767917e+00  -5.047055e-01
264 1 1 5.027140e-01  -3.881004e+00  1.139353e-02
265 1 1 1.415605e+00  -3.162210e+00  -9.869225e-01
266 1 1 1.028918e+00  -3.746121e+00  -2.560635e-01
267 1 1 -1.333606e+00  -3.249175e+00  -9.387825e-01
268 1 1 -4.742470e-01  -3.760021e+00  -5.325885e-01
269 1 1 -3.009999e-02  -3.879235e+00  2.825445e-01
270 1 1 -5.163480e-01  -3.745816e+00  5.550215e-01
271 1 1 -1.393630e+00  -3.654549e+00  -4.959947e-02
272 1 1 -9.713950e-01  -3.757465e+00  2.733565e-01
273 1 1 1.004246e+00  -3.548090e+00  -7.189575e-01
274 1 1 4.626270e-01  -3.476136e+00  -9.455115e-01
275 1 1 9.086300e-01  -3.225048e+00  -1.081318e+00
276 1 1 7.488012e-03  -3.238462e+00  -1.153046e+00
277 1 1 4.911720e-01  -2.985485e+00  -1.242069e+00
278 1 1 -8.921160e-01  -3.106626e+00  -1.156200e+00
279 1 1 -4.877299e-02  -3.635836e+00  7.969645e-01
280 1 1 -1.020035e+00  -3.517023e+00  7.599315e-01
281 1 1 -4.708090e-01  -3.428873e+00  -9.895825e-01
282 1 1 -9.763750e-01  -3.748266e+00  -3.000585e-01
283 1 1 -4.295960e-01  -2.911439e+00  -1.261773e+00
284 1 1 1.068855e+00  -3.128910e-02  6.608875e-01
285 1 1 5.459250e-01  1.381979e-01  4.824305e-01
286 1 1 8.403040e-01  5.187199e-01  6.272645e-01
287 1 1 2.516550e-01  5.910949e-01  5.052725e-01
288 1 1 2.407050e+00  -7.881961e-01  1.267484e+00
289 1 1 1.928467e+00  -6.179551e-01  1.110788e+00
290 1 1 1.564907e+00  -2.123311e-01  9.024745e-01
291 1 1 -2.916110e-01  -3.690581e-01  4.600265e-01
292 1 1 -3.506060e-01  -8.768421e-01  6.087225e-01
293 1 1 2.045620e+00  -1.160642e+00  1.226970e+00
294 1 1 1.550218e+00  -8.513451e-01  9.943705e-01
295 1 1 1.108469e+00  -1.144170e+00  9.085905e-01
296 1 1 6.102820e-01  -1.425518e+00  8.876025e-01
297 1 1 1.358840e-01  -1.193185e+00  7.189555e-01
298 1 1 -7.561799e-02  1.688639e-01  4.162245e-01
299 1 1 2.166710e-01  -2.380351e-01  4.320175e-01
300 1 1 1.801750e-01  -7.237941e-01  5.357375e-01
301 1 1 6.964920e-01  -4.133821e-01  5.578335e-01
302 1 1 6.699270e-01  -9.226971e-01  6.912975e-01
303 1 1 2.100082e+00  -1.686636e+00  1.284169e+00
304 1 1 1.581279e+00  -1.386443e+00  1.142220e+00
305 1 1 1.087650e+00  -1.653319e+00  1.090649e+00
306 1 1 1.161294e+00  -5.845091e-01  7.656635e-01
307 1 1 3.538842e+00  -3.907191e-01  8.902515e-01
308 1 1 3.123969e+00  -3.831881e-01  1.202012e+00
309 1 1 3.722394e+00  -8.838541e-01  -4.461665e-01
310 1 1 3.424733e+00  -1.061363e+00  -8.569745e-01
311 1 1 3.739587e+00  9.297890e-02  6.309505e-01
312 1 1 3.271656e+00  -1.820948e+00  6.272005e-01
313 1 1 2.589099e+00  -1.386443e+00  1.267203e+00
314 1 1 3.908149e+00  -7.725510e-02  8.342853e-02
315 1 1 3.867696e+00  2.666529e-01  -2.811105e-01
316 1 1 3.856110e+00  4.538889e-01  2.595415e-01
317 1 1 2.897820e+00  -8.891841e-01  1.244468e+00
318 1 1 3.539698e+00  -1.655415e+00  1.127905e-01
319 1 1 3.028051e+00  -1.237777e+00  -1.133716e+00
320 1 1 3.373238e+00  -8.849961e-01  9.682265e-01
321 1 1 3.729840e+00  -1.176536e+00  6.353553e-02
322 1 1 3.140438e+00  -1.354612e+00  1.030097e+00
323 1 1 3.391145e+00  1.203129e-01  1.051313e+00
324 1 1 3.800933e+00  -3.980731e-01  4.601705e-01
325 1 1 3.687357e+00  -8.828881e-01  5.317615e-01
326 1 1 3.856863e+00  -6.556871e-01  1.037053e-02
327 1 1 3.546369e+00  -5.251981e-01  -8.568905e-01
328 1 1 3.505184e+00  -1.356957e+00  5.996685e-01
329 1 1 3.823885e+00  -3.169721e-01  -4.151265e-01
330 1 1 3.563530e+00  -1.415372e+00  -4.247845e-01
331 1 1 -2.823614e+00  -2.547084e+00  5.033175e-01
332 1 1 -2.382995e+00  -2.062591e+00  1.199569e+00
333 1 1 -2.782715e+00  -2.203917e+00  9.006755e-01
334 1 1 -1.854137e+00  -3.444547e+00  -1.771247e-02
335 1 1 -2.790152e+00  -1.982318e+00  -1.021601e+00
336 1 1 -1.516764e+00  -3.478368e+00  -5.203305e-01
337 1 1 -1.969957e+00  -2.920353e+00  9.314335e-01
338 1 1 -3.132949e+00  -2.336882e+00  7.070153e-02
339 1 1 -2.223376e+00  -2.786912e+00  -8.796585e-01
340 1 1 -2.027428e+00  -3.226143e+00  -4.833635e-01
341 1 1 -2.405171e+00  -2.576327e+00  9.288765e-01
342 1 1 -1.787688e+00  -3.052845e+00  -9.110925e-01
343 1 1 -2.874739e+00  -1.454017e+00  -1.160461e+00
344 1 1 -2.710913e+00  -2.814021e+00  9.481353e-02
345 1 1 -2.392702e+00  -2.936271e+00  5.379525e-01
346 1 1 -1.480718e+00  -3.529308e+00  4.464265e-01
347 1 1 -2.297319e+00  -3.165226e+00  3.779153e-02
348 1 1 -2.643251e+00  -2.490882e+00  -7.952355e-01
349 1 1 -2.476312e+00  -2.924832e+00  -4.262185e-01
350 1 1 -2.883131e+00  -2.580640e+00  -3.080005e-01
351 1 1 -3.220407e+00  -1.703356e+00  -7.785285e-01
352 1 1 -3.052051e+00  -2.201364e+00  -5.822475e-01
353 1 1 -2.320150e+00  -2.255854e+00  -1.153132e+00
354 1 1 -3.340536e+00  -1.960967e+00  -2.889475e-01
355 1 1 -1.954362e+00  -3.265477e+00  4.988545e-01
356 1 1 2.921564e+00  -2.263394e+00  7.098955e-01
357 1 1 2.161154e+00  -1.831078e+00  -1.277128e+00
358 1 1 2.919497e+00  -1.796946e+00  1.023482e+00
359 1 1 3.220975e+00  -1.615579e+00  -8.351755e-01
360 1 1 3.066974e+00  -2.352664e+00  -3.314675e-01
361 1 1 2.739094e+00  -2.780518e+00  -1.536655e-01
362 1 1 3.000373e+00  -2.484023e+00  2.075895e-01
363 1 1 2.663249e+00  -2.749830e+00  4.476055e-01
364 1 1 1.894345e+00  -3.096549e+00  -8.015085e-01
365 1 1 2.529321e+00  -2.015729e+00  1.159679e+00
366 1 1 2.687934e+00  -2.561695e+00  -6.777455e-01
367 1 1 2.378134e+00  -3.104873e+00  8.087253e-02
368 1 1 2.175388e+00  -1.318736e+00  -1.264850e+00
369 1 1 2.359039e+00  -2.994776e+00  -4.829335e-01
370 1 1 3.348462e+00  -1.911804e+00  -3.626405e-01
371 1 1 2.976116e+00  -2.063476e+00  -8.122875e-01
372 1 1 2.698233e+00  -1.658775e+00  -1.189130e+00
373 1 1 2.042906e+00  -2.346500e+00  -1.213277e+00
374 1 1 1.613656e+00  -2.095110e+00  -1.276860e+00
375 1 1 3.281321e+00  -2.106300e+00  1.825825e-01
376 1 1 1.637088e+00  -2.696340e+00  -1.195217e+00
377 1 1 2.541371e+00  -2.201013e+00  -1.072739e+00
378 1 1 2.222097e+00  -2.713491e+00  -9.451985e-01
379 1 1 -3.729107e+00  1.050007e+00  2.797975e-01
380 1 1 -3.864715e+00  5.776959e-01  1.372153e-02
381 1 1 -3.498935e+00  9.841509e-01  7.909015e-01
382 1 1 -3.417188e+00  5.158269e-01  9.937805e-01
383 1 1 -3.480821e+00  1.495449e+00  -5.224335e-01
384 1 1 -3.005128e+00  2.409409e-01  -1.243523e+00
385 1 1 -3.030588e+00  8.498539e-01  1.199840e+00
386 1 1 -3.767115e+00  5.504499e-01  -4.812085e-01
387 1 1 -3.709950e+00  -4.088691e-01  -6.360945e-01
388 1 1 -3.217973e+00  1.330197e+00  -9.638405e-01
389 1 1 -3.154354e+00  1.893843e+00  -7.210635e-01
390 1 1 -3.726371e+00  1.068977e+00  -2.645395e-01
391 1 1 -3.894652e+00  1.732390e-02  -1.745905e-01
392 1 1 -3.716641e+00  8.214490e-02  -6.612495e-01
393 1 1 -3.728554e+00  5.605249e-01  5.663865e-01
394 1 1 -3.853639e+00  1.472099e-01  3.482645e-01
395 1 1 -3.452378e+00  4.417159e-01  -9.660665e-01
396 1 1 -3.482514e+00  1.480553e+00  5.361435e-01
397 1 1 -3.590010e+00  1.541518e+00  1.224853e-02
398 1 1 -3.387546e+00  -1.183881e-01  -1.047314e+00
399 1 1 -2.944167e+00  -3.505581e-01  -1.256239e+00
400 1 1 -3.109355e+00  7.968379e-01  -1.165376e+00
401 1 1 -3.521617e+00  9.530839e-01  -7.676485e-01
402 1 1 -3.343874e+00  1.979163e+00  -2.187295e-01
403 1 1 -3.204053e+00  1.314563e+00  9.862925e-01
404 1 1 -2.544457e+00  2.436207e+00  9.257045e-01
405 1 1 -2.995327e+00  2.340702e+00  -4.918255e-01
406 1 1 -3.099246e+00  2.371248e+00  1.009035e-01
407 1 1 -2.802525e+00  1.446227e+00  1.196898e+00
408 1 1 -3.328807e+00  1.951993e+00  3.353355e-01
409 1 1 -2.156324e+00  2.117533e+00  1.245252e+00
410 1 1 -1.574182e+00  2.243364e+00  1.285165e+00
411 1 1 -2.446055e+00  3.042596e+00  -7.155747e-02
412 1 1 -2.180798e+00  3.104100e+00  -5.092085e-01
413 1 1 -1.531169e+00  2.743337e+00  1.201842e+00
414 1 1 -3.115000e+00  1.820282e+00  8.258725e-01
415 1 1 -2.303893e+00  1.595898e+00  1.283118e+00
416 1 1 -1.756585e+00  1.731305e+00  1.256374e+00
417 1 1 -2.950464e+00  2.297929e+00  6.234375e-01
418 1 1 -2.694517e+00  2.739607e+00  3.867625e-01
419 1 1 -2.584456e+00  2.720285e+00  -5.953345e-01
420 1 1 -2.810568e+00  2.701893e+00  -1.315225e-01
421 1 1 -1.409421e+00  3.238513e+00  9.155475e-01
422 1 1 -1.876860e+00  3.061972e+00  8.460235e-01
423 1 1 -1.727936e+00  3.410958e+00  4.399535e-01
424 1 1 -2.028285e+00  2.593011e+00  1.120806e+00
425 1 1 -2.687576e+00  1.974209e+00  1.091921e+00
426 1 1 -2.332914e+00  2.843959e+00  7.259015e-01
427 1 1 -2.205494e+00  3.160352e+00  3.508575e-01
428 1 1 -3.943750e-01  -1.360025e+00  8.218775e-01
429 1 1 -8.634030e-01  -1.004917e+00  7.783315e-01
430 1 1 -1.350330e+00  -1.145606e+00  9.965475e-01
431 1 1 -1.953983e+00  -2.431306e+00  1.213528e+00
432 1 1 5.654290e-01  -1.912900e+00  1.097467e+00
433 1 1 8.280401e-02  -1.664480e+00  9.448005e-01
434 1 1 -4.383510e-01  -1.848268e+00  1.055715e+00
435 1 1 -8.996120e-01  -1.510353e+00  9.898475e-01
436 1 1 -1.391557e+00  -1.673849e+00  1.170967e+00
437 1 1 -1.841733e+00  -1.318551e+00  1.201638e+00
438 1 1 -1.756088e+00  -7.612271e-01  1.063658e+00
439 1 1 -2.365700e+00  -1.536884e+00  1.282062e+00
440 1 1 3.429201e-02  -2.149121e+00  1.160143e+00
441 1 1 -4.883240e-01  -2.361688e+00  1.242640e+00
442 1 1 -9.456890e-01  -2.028411e+00  1.192144e+00
443 1 1 -1.448317e+00  -2.227216e+00  1.282225e+00
444 1 1 -5.428250e-01  -3.409744e+00  1.001533e+00
445 1 1 -2.633899e-02  -2.670732e+00  1.283051e+00
446 1 1 -5.305350e-01  -2.917252e+00  1.261465e+00
447 1 1 -9.941590e-01  -2.579669e+00  1.284922e+00
448 1 1 -1.499052e+00  -2.776531e+00  1.198449e+00
449 1 1 -1.029110e+00  -3.112600e+00  1.133489e+00
450 1 1 -1.511007e+00  -3.229339e+00  8.846145e-01
451 1 1 -1.888320e+00  -1.868162e+00  1.282252e+00
452 1 1 -1.594178e+00  4.664890e-02  -9.078725e-01
453 1 1 -2.522427e+00  3.442900e-03  -1.262210e+00
454 1 1 -2.074378e+00  2.430669e-01  -1.134439e+00
455 1 1 -2.575462e+00  6.094499e-01  -1.277491e+00
456 1 1 -2.072192e+00  7.266779e-01  -1.175040e+00
457 1 1 -2.760367e+00  1.182239e+00  -1.246544e+00
458 1 1 -1.265510e+00  9.776559e-01  -9.107645e-01
459 1 1 -2.281403e+00  1.184307e+00  -1.269653e+00
460 1 1 -1.949474e+00  1.637771e+00  -1.266254e+00
461 1 1 -1.590535e+00  5.615329e-01  -9.533815e-01
462 1 1 -1.731082e+00  1.119767e+00  -1.124097e+00
463 1 1 -1.438275e+00  1.550662e+00  -1.145382e+00
464 1 1 -2.454028e+00  1.730826e+00  -1.246396e+00
465 1 1 -2.878163e+00  1.715994e+00  -1.076036e+00
466 1 1 -2.179351e+00  2.186854e+00  -1.219492e+00
467 1 1 -1.101680e+00  4.158609e-01  -7.068335e-01
468 1 1 -1.630276e+00  2.080507e+00  -1.277337e+00
469 1 1 -9.927870e-01  1.437941e+00  -9.831845e-01
470 1 1 -1.097268e+00  1.989817e+00  -1.201012e+00
471 1 1 -1.763538e+00  2.592911e+00  -1.200181e+00
472 1 1 -2.259272e+00  2.654391e+00  -9.594795e-01
473 1 1 -2.683244e+00  2.238151e+00  -9.511635e-01
474 1 1 -6.157310e-01  1.851428e+00  -1.077417e+00
475 1 1 1.896075e+00  3.075005e+00  8.214175e-01
476 1 1 2.132633e+00  2.649066e+00  1.042621e+00
477 1 1 2.580781e+00  2.531276e+00  8.194625e-01
478 1 1 3.159187e+00  1.594366e+00  9.122945e-01
479 1 1 3.407367e+00  1.091409e+00  8.679415e-01
480 1 1 3.049357e+00  1.927298e+00  -8.259525e-01
481 1 1 3.187660e+00  2.175741e+00  -3.389235e-01
482 1 1 2.721257e+00  1.704544e+00  1.170227e+00
483 1 1 2.957271e+00  1.165720e+00  1.186849e+00
484 1 1 3.602422e+00  5.875009e-01  7.748725e-01
485 1 1 2.355540e+00  2.944116e+00  5.678635e-01
486 1 1 2.888269e+00  2.612442e+00  -1.814255e-01
487 1 1 2.539052e+00  2.969860e+00  5.677553e-02
488 1 1 3.142792e+00  2.292543e+00  2.137095e-01
489 1 1 2.816392e+00  2.616477e+00  3.899225e-01
490 1 1 1.891577e+00  2.223859e+00  1.269611e+00
491 1 1 2.435577e+00  2.154006e+00  1.147561e+00
492 1 1 3.274788e+00  1.915774e+00  5.206225e-01
493 1 1 3.721313e+00  9.679939e-01  3.926255e-01
494 1 1 3.448885e+00  1.841458e+00  2.508353e-02
495 1 1 3.421789e+00  1.677017e+00  -4.783535e-01
496 1 1 3.668642e+00  1.351953e+00  -3.594347e-02
497 1 1 3.523468e+00  1.458774e+00  4.762715e-01
498 1 1 2.924281e+00  2.144746e+00  8.048005e-01

Bonds

1 1  1 2
2 1  1 3
3 1  1 5
4 1  1 12
5 1  1 14
6 1  1 28
7 1  2 3
8 1  2 5
9 1  2 119
10 1  2 121
11 1  2 122
12 1  3 12
13 1  3 13
14 1  3 121
15 1  3 130
16 1  4 5
17 1  4 6
18 1  4 7
19 1  4 14
20 1  4 15
21 1  4 16
22 1  5 7
23 1  5 14
24 1  5 122
25 1  6 7
26 1  6 8
27 1  6 16
28 1  6 18
29 1  7 8
30 1  7 122
31 1  7 124
32 1  8 18
33 1  8 124
34 1  8 126
35 1  8 133
36 1  9 10
37 1  9 12
38 1  9 13
39 1  9 25
40 1  9 26
41 1  9 27
42 1  10 11
43 1  10 13
44 1  10 25
45 1  10 127
46 1  10 129
47 1  11 22
48 1  11 23
49 1  11 25
50 1  11 129
51 1  11 137
52 1  12 13
53 1  12 27
54 1  12 28
55 1  13 127
56 1  13 130
57 1  14 15
58 1  14 28
59 1  14 29
60 1  15 16
61 1  15 17
62 1  15 29
63 1  15 30
64 1  16 17
65 1  16 18
66 1  16 19
67 1  17 19
68 1  17 30
69 1  17 31
70 1  17 32
71 1  18 19
72 1  18 132
73 1  18 133
74 1  19 20
75 1  19 32
76 1  19 33
77 1  19 132
78 1  20 21
79 1  20 33
80 1  20 132
81 1  20 134
82 1  20 140
83 1  21 33
84 1  21 34
85 1  21 35
86 1  21 43
87 1  21 140
88 1  22 23
89 1  22 24
90 1  22 25
91 1  22 37
92 1  22 40
93 1  23 24
94 1  23 137
95 1  23 143
96 1  23 144
97 1  24 37
98 1  24 38
99 1  24 143
100 1  24 153
101 1  25 26
102 1  25 40
103 1  26 27
104 1  26 40
105 1  26 146
106 1  26 155
107 1  27 28
108 1  27 146
109 1  27 147
110 1  28 29
111 1  28 147
112 1  29 30
113 1  29 147
114 1  29 148
115 1  30 31
116 1  30 148
117 1  30 149
118 1  31 32
119 1  31 41
120 1  31 149
121 1  31 160
122 1  32 33
123 1  32 41
124 1  32 43
125 1  33 43
126 1  34 35
127 1  34 36
128 1  34 43
129 1  34 44
130 1  34 45
131 1  34 51
132 1  35 36
133 1  35 140
134 1  35 142
135 1  35 150
136 1  36 45
137 1  36 150
138 1  36 161
139 1  36 175
140 1  37 38
141 1  37 39
142 1  37 40
143 1  37 49
144 1  38 46
145 1  38 47
146 1  38 49
147 1  38 153
148 1  39 40
149 1  39 49
150 1  39 50
151 1  39 155
152 1  39 166
153 1  40 155
154 1  41 42
155 1  41 43
156 1  41 51
157 1  41 160
158 1  42 51
159 1  42 160
160 1  42 172
161 1  42 173
162 1  42 174
163 1  43 51
164 1  44 45
165 1  44 51
166 1  44 52
167 1  44 54
168 1  44 174
169 1  45 54
170 1  45 175
171 1  46 47
172 1  46 48
173 1  46 49
174 1  46 55
175 1  46 57
176 1  47 48
177 1  47 153
178 1  47 163
179 1  47 164
180 1  48 55
181 1  48 56
182 1  48 163
183 1  48 177
184 1  49 50
185 1  49 57
186 1  50 57
187 1  50 58
188 1  50 166
189 1  50 179
190 1  51 174
191 1  52 53
192 1  52 54
193 1  52 60
194 1  52 174
195 1  52 185
196 1  53 54
197 1  53 59
198 1  53 60
199 1  53 61
200 1  54 61
201 1  54 62
202 1  54 175
203 1  55 56
204 1  55 57
205 1  55 64
206 1  55 66
207 1  56 64
208 1  56 65
209 1  56 177
210 1  56 187
211 1  57 58
212 1  57 66
213 1  58 66
214 1  58 67
215 1  58 179
216 1  58 189
217 1  59 60
218 1  59 61
219 1  59 68
220 1  59 69
221 1  59 71
222 1  60 69
223 1  60 185
224 1  60 198
225 1  61 62
226 1  61 63
227 1  61 71
228 1  62 63
229 1  62 175
230 1  62 176
231 1  62 186
232 1  63 71
233 1  63 186
234 1  63 200
235 1  63 279
236 1  64 65
237 1  64 66
238 1  64 72
239 1  64 73
240 1  65 72
241 1  65 187
242 1  65 201
243 1  65 203
244 1  66 67
245 1  66 73
246 1  66 74
247 1  67 74
248 1  67 76
249 1  67 189
250 1  68 69
251 1  68 70
252 1  68 71
253 1  68 81
254 1  68 82
255 1  68 210
256 1  69 79
257 1  69 81
258 1  69 198
259 1  70 71
260 1  70 199
261 1  70 200
262 1  70 210
263 1  71 200
264 1  72 73
265 1  72 84
266 1  72 202
267 1  72 203
268 1  73 74
269 1  73 83
270 1  73 84
271 1  74 75
272 1  74 76
273 1  74 83
274 1  75 76
275 1  75 77
276 1  75 83
277 1  75 85
278 1  75 86
279 1  76 77
280 1  76 189
281 1  76 204
282 1  77 86
283 1  77 87
284 1  77 88
285 1  77 204
286 1  78 79
287 1  78 80
288 1  78 81
289 1  78 82
290 1  78 92
291 1  78 93
292 1  79 80
293 1  79 81
294 1  79 197
295 1  79 198
296 1  79 209
297 1  80 89
298 1  80 90
299 1  80 92
300 1  80 209
301 1  81 82
302 1  82 93
303 1  82 94
304 1  82 210
305 1  83 84
306 1  83 85
307 1  83 95
308 1  84 95
309 1  84 202
310 1  85 86
311 1  85 95
312 1  85 96
313 1  85 97
314 1  86 88
315 1  86 97
316 1  86 98
317 1  87 88
318 1  87 191
319 1  87 204
320 1  87 205
321 1  87 214
322 1  88 98
323 1  88 100
324 1  88 214
325 1  89 90
326 1  89 91
327 1  89 92
328 1  89 104
329 1  89 105
330 1  89 106
331 1  90 91
332 1  90 208
333 1  90 209
334 1  91 102
335 1  91 104
336 1  91 208
337 1  91 216
338 1  92 93
339 1  92 106
340 1  92 107
341 1  93 94
342 1  93 107
343 1  93 108
344 1  94 108
345 1  94 210
346 1  94 217
347 1  94 224
348 1  95 96
349 1  95 202
350 1  95 212
351 1  95 220
352 1  96 97
353 1  96 109
354 1  96 220
355 1  96 226
356 1  97 98
357 1  97 109
358 1  97 110
359 1  98 100
360 1  98 110
361 1  98 111
362 1  99 100
363 1  99 101
364 1  99 111
365 1  99 112
366 1  99 113
367 1  100 101
368 1  100 111
369 1  100 214
370 1  100 215
371 1  101 102
372 1  101 103
373 1  101 113
374 1  101 215
375 1  102 103
376 1  102 104
377 1  102 215
378 1  102 216
379 1  103 104
380 1  103 113
381 1  103 114
382 1  103 115
383 1  104 105
384 1  104 115
385 1  105 106
386 1  105 115
387 1  105 116
388 1  106 107
389 1  106 116
390 1  106 117
391 1  107 108
392 1  107 117
393 1  107 222
394 1  108 222
395 1  108 223
396 1  108 224
397 1  109 110
398 1  109 226
399 1  109 228
400 1  110 111
401 1  110 228
402 1  110 229
403 1  111 112
404 1  111 229
405 1  112 113
406 1  112 118
407 1  112 229
408 1  112 237
409 1  113 114
410 1  113 118
411 1  114 115
412 1  114 118
413 1  114 230
414 1  114 238
415 1  114 239
416 1  115 116
417 1  115 230
418 1  116 117
419 1  116 230
420 1  116 231
421 1  116 232
422 1  117 222
423 1  117 232
424 1  117 233
425 1  118 237
426 1  118 238
427 1  118 304
428 1  119 120
429 1  119 121
430 1  119 122
431 1  119 123
432 1  119 242
433 1  120 123
434 1  120 242
435 1  120 243
436 1  120 245
437 1  120 246
438 1  121 130
439 1  121 131
440 1  121 242
441 1  122 123
442 1  122 124
443 1  123 124
444 1  123 125
445 1  123 246
446 1  124 125
447 1  124 126
448 1  125 126
449 1  125 246
450 1  125 247
451 1  125 249
452 1  126 133
453 1  126 248
454 1  126 249
455 1  127 128
456 1  127 129
457 1  127 130
458 1  127 131
459 1  128 129
460 1  128 131
461 1  128 138
462 1  128 251
463 1  128 254
464 1  129 137
465 1  129 138
466 1  130 131
467 1  131 242
468 1  131 244
469 1  131 254
470 1  132 133
471 1  132 134
472 1  132 135
473 1  133 135
474 1  133 248
475 1  134 135
476 1  134 136
477 1  134 140
478 1  134 141
479 1  135 136
480 1  135 248
481 1  135 255
482 1  136 141
483 1  136 255
484 1  136 256
485 1  136 260
486 1  137 138
487 1  137 139
488 1  137 144
489 1  138 139
490 1  138 251
491 1  138 253
492 1  139 144
493 1  139 253
494 1  139 257
495 1  140 141
496 1  140 142
497 1  141 142
498 1  141 260
499 1  141 261
500 1  142 150
501 1  142 151
502 1  142 261
503 1  143 144
504 1  143 145
505 1  143 153
506 1  143 154
507 1  144 145
508 1  144 257
509 1  145 154
510 1  145 257
511 1  145 262
512 1  146 147
513 1  146 155
514 1  146 156
515 1  146 157
516 1  147 148
517 1  147 157
518 1  148 149
519 1  148 157
520 1  148 158
521 1  149 158
522 1  149 159
523 1  149 160
524 1  150 151
525 1  150 152
526 1  150 161
527 1  151 152
528 1  151 261
529 1  151 263
530 1  151 264
531 1  152 161
532 1  152 162
533 1  152 264
534 1  152 268
535 1  153 154
536 1  153 164
537 1  154 164
538 1  154 262
539 1  154 265
540 1  154 266
541 1  155 156
542 1  155 166
543 1  155 167
544 1  156 157
545 1  156 167
546 1  156 168
547 1  156 169
548 1  157 158
549 1  157 169
550 1  158 159
551 1  158 169
552 1  158 170
553 1  159 160
554 1  159 170
555 1  159 171
556 1  159 172
557 1  160 172
558 1  161 162
559 1  161 175
560 1  161 176
561 1  162 176
562 1  162 268
563 1  162 272
564 1  162 273
565 1  163 164
566 1  163 165
567 1  163 177
568 1  163 178
569 1  164 165
570 1  164 265
571 1  165 178
572 1  165 265
573 1  165 267
574 1  165 269
575 1  166 167
576 1  166 179
577 1  166 180
578 1  167 168
579 1  167 180
580 1  168 169
581 1  168 180
582 1  168 181
583 1  168 270
584 1  169 170
585 1  169 270
586 1  170 171
587 1  170 270
588 1  170 271
589 1  171 172
590 1  171 182
591 1  171 271
592 1  171 278
593 1  172 173
594 1  172 182
595 1  173 174
596 1  173 182
597 1  173 184
598 1  173 185
599 1  174 185
600 1  175 176
601 1  176 186
602 1  176 272
603 1  177 178
604 1  177 187
605 1  178 187
606 1  178 188
607 1  178 269
608 1  178 275
609 1  179 180
610 1  179 189
611 1  179 190
612 1  180 181
613 1  180 190
614 1  181 190
615 1  181 192
616 1  181 270
617 1  181 276
618 1  182 183
619 1  182 184
620 1  182 278
621 1  183 184
622 1  183 194
623 1  183 195
624 1  183 197
625 1  183 278
626 1  184 185
627 1  184 197
628 1  184 198
629 1  185 198
630 1  186 272
631 1  186 279
632 1  186 280
633 1  187 188
634 1  187 201
635 1  188 201
636 1  188 275
637 1  188 281
638 1  188 285
639 1  189 190
640 1  189 204
641 1  190 191
642 1  190 192
643 1  190 204
644 1  191 192
645 1  191 193
646 1  191 204
647 1  191 205
648 1  192 193
649 1  192 276
650 1  192 282
651 1  193 196
652 1  193 205
653 1  193 206
654 1  193 207
655 1  193 282
656 1  194 195
657 1  194 196
658 1  194 197
659 1  194 208
660 1  194 209
661 1  195 196
662 1  195 277
663 1  195 278
664 1  195 282
665 1  196 207
666 1  196 208
667 1  196 282
668 1  197 198
669 1  197 209
670 1  199 200
671 1  199 210
672 1  199 211
673 1  199 217
674 1  199 283
675 1  200 279
676 1  200 283
677 1  201 203
678 1  201 285
679 1  201 286
680 1  202 203
681 1  202 212
682 1  202 213
683 1  203 213
684 1  203 286
685 1  205 206
686 1  205 214
687 1  206 207
688 1  206 214
689 1  206 215
690 1  206 216
691 1  207 208
692 1  207 216
693 1  208 209
694 1  208 216
695 1  210 217
696 1  211 217
697 1  211 218
698 1  211 283
699 1  211 287
700 1  211 288
701 1  212 213
702 1  212 219
703 1  212 220
704 1  212 221
705 1  213 219
706 1  213 286
707 1  213 290
708 1  214 215
709 1  215 216
710 1  217 218
711 1  217 224
712 1  218 224
713 1  218 287
714 1  218 291
715 1  218 295
716 1  219 221
717 1  219 290
718 1  219 292
719 1  219 293
720 1  220 221
721 1  220 225
722 1  220 226
723 1  221 225
724 1  221 293
725 1  222 223
726 1  222 233
727 1  222 234
728 1  223 224
729 1  223 234
730 1  223 294
731 1  223 295
732 1  224 295
733 1  225 226
734 1  225 227
735 1  225 293
736 1  225 297
737 1  226 227
738 1  226 228
739 1  227 228
740 1  227 235
741 1  227 297
742 1  227 300
743 1  228 229
744 1  228 235
745 1  228 236
746 1  229 236
747 1  229 237
748 1  230 231
749 1  230 239
750 1  231 232
751 1  231 239
752 1  231 240
753 1  231 241
754 1  232 233
755 1  232 241
756 1  233 234
757 1  233 241
758 1  233 298
759 1  234 294
760 1  234 298
761 1  234 299
762 1  235 236
763 1  235 300
764 1  235 301
765 1  235 302
766 1  236 237
767 1  236 302
768 1  236 303
769 1  237 303
770 1  237 304
771 1  238 239
772 1  238 304
773 1  238 305
774 1  238 310
775 1  239 240
776 1  239 305
777 1  240 241
778 1  240 305
779 1  240 306
780 1  240 307
781 1  241 298
782 1  241 307
783 1  241 308
784 1  242 243
785 1  242 244
786 1  243 244
787 1  243 245
788 1  243 312
789 1  243 314
790 1  244 254
791 1  244 312
792 1  245 246
793 1  245 313
794 1  245 314
795 1  245 315
796 1  246 247
797 1  246 315
798 1  247 249
799 1  247 315
800 1  247 316
801 1  247 317
802 1  248 249
803 1  248 250
804 1  248 255
805 1  249 250
806 1  249 316
807 1  250 255
808 1  250 316
809 1  250 318
810 1  250 325
811 1  251 252
812 1  251 253
813 1  251 254
814 1  251 320
815 1  252 253
816 1  252 258
817 1  252 319
818 1  252 320
819 1  252 321
820 1  253 257
821 1  253 258
822 1  254 312
823 1  254 320
824 1  255 256
825 1  255 325
826 1  256 260
827 1  256 325
828 1  256 326
829 1  256 330
830 1  257 258
831 1  257 259
832 1  257 262
833 1  258 259
834 1  258 319
835 1  258 327
836 1  259 262
837 1  259 327
838 1  259 332
839 1  259 333
840 1  260 261
841 1  260 263
842 1  260 330
843 1  261 263
844 1  262 266
845 1  262 332
846 1  263 264
847 1  263 330
848 1  263 331
849 1  263 334
850 1  264 268
851 1  264 334
852 1  264 335
853 1  265 266
854 1  265 267
855 1  266 267
856 1  266 332
857 1  266 336
858 1  267 269
859 1  267 336
860 1  267 339
861 1  268 273
862 1  268 335
863 1  268 338
864 1  269 275
865 1  269 339
866 1  269 351
867 1  270 271
868 1  270 276
869 1  271 276
870 1  271 277
871 1  271 278
872 1  272 273
873 1  272 274
874 1  272 280
875 1  273 274
876 1  273 338
877 1  273 349
878 1  274 280
879 1  274 349
880 1  274 357
881 1  275 281
882 1  275 351
883 1  276 277
884 1  276 282
885 1  277 278
886 1  277 282
887 1  279 280
888 1  279 283
889 1  279 284
890 1  280 284
891 1  280 357
892 1  281 285
893 1  281 351
894 1  281 359
895 1  281 360
896 1  283 284
897 1  283 288
898 1  284 288
899 1  284 357
900 1  284 367
901 1  285 286
902 1  285 289
903 1  285 359
904 1  286 289
905 1  286 290
906 1  287 288
907 1  287 291
908 1  287 374
909 1  287 376
910 1  288 367
911 1  288 374
912 1  289 290
913 1  289 359
914 1  289 369
915 1  289 375
916 1  290 292
917 1  290 375
918 1  291 295
919 1  291 376
920 1  291 380
921 1  292 293
922 1  292 375
923 1  292 377
924 1  292 378
925 1  293 296
926 1  293 297
927 1  293 378
928 1  294 295
929 1  294 299
930 1  294 379
931 1  294 380
932 1  295 380
933 1  296 297
934 1  296 378
935 1  296 381
936 1  296 382
937 1  297 300
938 1  297 382
939 1  298 299
940 1  298 308
941 1  298 383
942 1  299 379
943 1  299 383
944 1  299 384
945 1  300 301
946 1  300 382
947 1  300 385
948 1  301 302
949 1  301 385
950 1  301 386
951 1  301 388
952 1  302 303
953 1  302 309
954 1  302 388
955 1  303 304
956 1  303 309
957 1  303 310
958 1  304 310
959 1  305 306
960 1  305 310
961 1  305 311
962 1  306 307
963 1  306 311
964 1  306 391
965 1  306 393
966 1  307 308
967 1  307 393
968 1  308 383
969 1  308 393
970 1  308 394
971 1  309 310
972 1  309 311
973 1  309 388
974 1  309 389
975 1  310 311
976 1  311 389
977 1  311 391
978 1  312 314
979 1  312 320
980 1  312 322
981 1  313 314
982 1  313 315
983 1  313 395
984 1  313 396
985 1  313 399
986 1  314 322
987 1  314 395
988 1  315 317
989 1  315 396
990 1  316 317
991 1  316 318
992 1  316 323
993 1  317 323
994 1  317 396
995 1  317 401
996 1  318 323
997 1  318 324
998 1  318 325
999 1  319 321
1000 1  319 327
1001 1  319 328
1002 1  319 329
1003 1  320 321
1004 1  320 322
1005 1  321 322
1006 1  321 329
1007 1  321 397
1008 1  322 395
1009 1  322 397
1010 1  323 324
1011 1  323 401
1012 1  323 402
1013 1  324 325
1014 1  324 326
1015 1  324 402
1016 1  324 403
1017 1  325 326
1018 1  326 330
1019 1  326 403
1020 1  326 412
1021 1  327 328
1022 1  327 333
1023 1  328 329
1024 1  328 333
1025 1  328 404
1026 1  328 413
1027 1  329 397
1028 1  329 404
1029 1  329 405
1030 1  330 331
1031 1  330 412
1032 1  331 334
1033 1  331 412
1034 1  331 422
1035 1  331 423
1036 1  332 333
1037 1  332 336
1038 1  332 337
1039 1  333 337
1040 1  333 413
1041 1  333 424
1042 1  334 335
1043 1  334 423
1044 1  335 338
1045 1  335 423
1046 1  335 434
1047 1  336 337
1048 1  336 339
1049 1  336 340
1050 1  337 340
1051 1  337 424
1052 1  338 349
1053 1  338 350
1054 1  338 434
1055 1  339 340
1056 1  339 351
1057 1  339 435
1058 1  340 424
1059 1  340 435
1060 1  340 436
1061 1  341 342
1062 1  341 343
1063 1  341 344
1064 1  341 345
1065 1  341 352
1066 1  341 354
1067 1  342 343
1068 1  342 352
1069 1  342 353
1070 1  342 427
1071 1  342 439
1072 1  343 345
1073 1  343 427
1074 1  343 428
1075 1  343 429
1076 1  344 345
1077 1  344 346
1078 1  344 354
1079 1  344 355
1080 1  345 346
1081 1  345 347
1082 1  345 429
1083 1  346 347
1084 1  346 348
1085 1  346 355
1086 1  346 356
1087 1  347 348
1088 1  347 429
1089 1  347 430
1090 1  347 431
1091 1  348 356
1092 1  348 431
1093 1  348 432
1094 1  348 440
1095 1  349 350
1096 1  349 357
1097 1  349 358
1098 1  350 358
1099 1  350 434
1100 1  350 443
1101 1  350 452
1102 1  351 360
1103 1  351 435
1104 1  351 444
1105 1  352 353
1106 1  352 354
1107 1  352 362
1108 1  352 363
1109 1  353 363
1110 1  353 439
1111 1  353 447
1112 1  353 448
1113 1  354 355
1114 1  354 362
1115 1  354 364
1116 1  355 356
1117 1  355 364
1118 1  355 365
1119 1  356 365
1120 1  356 440
1121 1  356 449
1122 1  357 358
1123 1  357 367
1124 1  358 367
1125 1  358 368
1126 1  358 452
1127 1  359 360
1128 1  359 361
1129 1  359 369
1130 1  360 361
1131 1  360 444
1132 1  361 369
1133 1  361 370
1134 1  361 444
1135 1  361 453
1136 1  361 461
1137 1  362 363
1138 1  362 364
1139 1  362 371
1140 1  362 372
1141 1  363 371
1142 1  363 448
1143 1  363 456
1144 1  364 365
1145 1  364 372
1146 1  364 373
1147 1  365 366
1148 1  365 373
1149 1  365 449
1150 1  366 373
1151 1  366 449
1152 1  366 457
1153 1  366 467
1154 1  366 468
1155 1  367 368
1156 1  367 374
1157 1  368 374
1158 1  368 452
1159 1  368 460
1160 1  368 471
1161 1  369 370
1162 1  369 375
1163 1  370 375
1164 1  370 377
1165 1  370 461
1166 1  370 472
1167 1  371 372
1168 1  371 456
1169 1  371 464
1170 1  371 465
1171 1  372 373
1172 1  372 465
1173 1  372 466
1174 1  373 466
1175 1  373 467
1176 1  374 376
1177 1  374 471
1178 1  375 377
1179 1  376 380
1180 1  376 471
1181 1  376 482
1182 1  377 378
1183 1  377 472
1184 1  377 483
1185 1  378 381
1186 1  378 483
1187 1  379 380
1188 1  379 384
1189 1  379 491
1190 1  380 482
1191 1  380 491
1192 1  381 382
1193 1  381 483
1194 1  381 484
1195 1  381 492
1196 1  382 385
1197 1  382 492
1198 1  383 384
1199 1  383 394
1200 1  384 498
1201 1  384 490
1202 1  384 491
1203 1  385 498
1204 1  385 386
1205 1  385 492
1206 1  385 493
1207 1  386 387
1208 1  386 388
1209 1  386 493
1210 1  386 494
1211 1  387 388
1212 1  387 389
1213 1  387 390
1214 1  387 494
1215 1  387 495
1216 1  388 389
1217 1  389 390
1218 1  389 391
1219 1  390 391
1220 1  390 392
1221 1  390 495
1222 1  390 496
1223 1  391 392
1224 1  391 393
1225 1  392 393
1226 1  392 394
1227 1  392 496
1228 1  392 497
1229 1  393 394
1230 1  394 497
1231 1  395 498
1232 1  395 397
1233 1  395 398
1234 1  395 399
1235 1  396 399
1236 1  396 400
1237 1  396 401
1238 1  397 398
1239 1  397 405
1240 1  398 399
1241 1  398 405
1242 1  398 406
1243 1  398 407
1244 1  399 400
1245 1  399 407
1246 1  400 401
1247 1  400 407
1248 1  400 408
1249 1  400 409
1250 1  401 402
1251 1  401 409
1252 1  402 403
1253 1  402 409
1254 1  402 410
1255 1  403 410
1256 1  403 411
1257 1  403 412
1258 1  404 405
1259 1  404 413
1260 1  404 414
1261 1  404 415
1262 1  405 406
1263 1  405 415
1264 1  406 407
1265 1  406 415
1266 1  406 416
1267 1  406 417
1268 1  407 408
1269 1  407 417
1270 1  408 409
1271 1  408 417
1272 1  408 418
1273 1  408 419
1274 1  409 410
1275 1  409 419
1276 1  410 411
1277 1  410 419
1278 1  410 420
1279 1  411 412
1280 1  411 420
1281 1  411 421
1282 1  411 422
1283 1  412 422
1284 1  413 414
1285 1  413 424
1286 1  413 425
1287 1  414 415
1288 1  414 425
1289 1  414 426
1290 1  414 438
1291 1  415 416
1292 1  415 426
1293 1  416 417
1294 1  416 426
1295 1  416 427
1296 1  416 428
1297 1  417 418
1298 1  417 428
1299 1  418 419
1300 1  418 428
1301 1  418 429
1302 1  418 430
1303 1  419 420
1304 1  419 430
1305 1  420 421
1306 1  420 430
1307 1  420 431
1308 1  421 422
1309 1  421 431
1310 1  421 432
1311 1  421 433
1312 1  422 423
1313 1  422 433
1314 1  423 433
1315 1  423 434
1316 1  423 442
1317 1  424 425
1318 1  424 436
1319 1  425 436
1320 1  425 437
1321 1  425 438
1322 1  426 427
1323 1  426 438
1324 1  426 439
1325 1  427 428
1326 1  427 439
1327 1  428 429
1328 1  429 430
1329 1  430 431
1330 1  431 432
1331 1  432 433
1332 1  432 440
1333 1  432 441
1334 1  433 441
1335 1  433 442
1336 1  434 442
1337 1  434 443
1338 1  435 436
1339 1  435 444
1340 1  435 445
1341 1  436 437
1342 1  436 445
1343 1  437 438
1344 1  437 445
1345 1  437 446
1346 1  437 447
1347 1  438 439
1348 1  438 447
1349 1  439 447
1350 1  440 441
1351 1  440 449
1352 1  440 450
1353 1  440 451
1354 1  441 442
1355 1  441 451
1356 1  442 443
1357 1  442 451
1358 1  443 451
1359 1  443 452
1360 1  443 459
1361 1  444 445
1362 1  444 453
1363 1  445 446
1364 1  445 453
1365 1  446 447
1366 1  446 453
1367 1  446 454
1368 1  446 455
1369 1  447 448
1370 1  447 455
1371 1  448 455
1372 1  448 456
1373 1  448 463
1374 1  449 450
1375 1  449 457
1376 1  450 451
1377 1  450 457
1378 1  450 458
1379 1  450 459
1380 1  451 459
1381 1  452 459
1382 1  452 460
1383 1  453 454
1384 1  453 461
1385 1  454 455
1386 1  454 461
1387 1  454 462
1388 1  454 463
1389 1  455 463
1390 1  456 463
1391 1  456 464
1392 1  456 474
1393 1  457 458
1394 1  457 468
1395 1  457 469
1396 1  458 459
1397 1  458 460
1398 1  458 469
1399 1  458 470
1400 1  459 460
1401 1  460 470
1402 1  460 471
1403 1  461 462
1404 1  461 472
1405 1  462 463
1406 1  462 472
1407 1  462 473
1408 1  462 474
1409 1  463 474
1410 1  464 465
1411 1  464 474
1412 1  464 475
1413 1  464 476
1414 1  465 466
1415 1  465 476
1416 1  465 477
1417 1  466 467
1418 1  466 477
1419 1  466 478
1420 1  467 468
1421 1  467 478
1422 1  467 479
1423 1  468 469
1424 1  468 479
1425 1  468 480
1426 1  469 470
1427 1  469 480
1428 1  469 481
1429 1  470 471
1430 1  470 481
1431 1  470 482
1432 1  471 482
1433 1  472 473
1434 1  472 483
1435 1  473 474
1436 1  473 475
1437 1  473 483
1438 1  473 484
1439 1  474 475
1440 1  475 476
1441 1  475 484
1442 1  475 485
1443 1  476 477
1444 1  476 485
1445 1  476 486
1446 1  477 478
1447 1  477 486
1448 1  477 487
1449 1  478 479
1450 1  478 487
1451 1  478 488
1452 1  479 480
1453 1  479 488
1454 1  479 489
1455 1  480 481
1456 1  480 489
1457 1  480 490
1458 1  481 482
1459 1  481 490
1460 1  481 491
1461 1  482 491
1462 1  483 484
1463 1  484 485
1464 1  484 492
1465 1  485 486
1466 1  485 492
1467 1  485 493
1468 1  485 494
1469 1  486 487
1470 1  486 494
1471 1  486 495
1472 1  487 488
1473 1  487 495
1474 1  487 496
1475 1  488 489
1476 1  488 496
1477 1  488 497
1478 1  489 490
1479 1  489 497
1480 1  490 498
1481 1  490 491
1482 1  491 498
1483 1  492 493
1484 1  493 494
1485 1  494 495
1486 1  495 496
1487 1  496 497
1488 1  498 498

Angles

1 1   277  282  280
2 1   25  275  282
3 1   282  275  280
4 1   274  273  276
5 1   276  273  275
6 1   273  274  272
7 1   352  251  245
8 1   255  242  253
9 1   255  245  242
10 1  282  253  27
11 1  282  277  253
12 1  277  255  253
13 1  26  276  25
14 1  25  276  275
15 1  31  276  26
16 1  31  274  276
17 1  264  274  31
18 1  32  375  31
19 1  264  272  274
20 1  377  363  375
21 1  375  264  31
22 1  377  375  372
23 1  342  252  334
24 1  352  252  251
25 1  242  245  251
26 1  352  334  252
27 1  250  242  251
28 1  250  249  242
29 1  249  253  242
30 1  27  25  282
31 1  249  27  253
32 1  28  25  27
33 1  28  26  25
34 1  29  26  28
35 1  29  32  26
36 1  32  31  26
37 1  30  32  29
38 1  373  32  30
39 1  375  32  373
40 1  372  375  373
41 1  376  377  372
42 1  371  370  376
43 1  356  376  372
44 1  370  371  358
45 1  246  247  342
46 1  342  247  252
47 1  240  239  247
48 1  247  239  252
49 1  239  251  252
50 1  250  251  239
51 1  40  373  30
52 1  356  373  40
53 1  41  367  40
54 1  356  372  373
55 1  371  376  356
56 1  367  371  356
57 1  318  371  160
58 1  318  358  371
59 1  397  398  168
60 1  246  398  238
61 1  247  246  238
62 1  246  168  398
63 1  236  240  238
64 1  238  240  247
65 1  367  356  40
66 1  160  371  367
67 1  153  160  367
68 1  156  155  157
69 1  155  160  157
70 1  155  318  160
71 1  397  394  383
72 1  398  397  383
73 1  452  398  383
74 1  452  238  398
75 1  453  236  452
76 1  452  236  238
77 1  142  143  156
78 1  157  142  156
79 1  141  156  143
80 1  156  141  155
81 1  141  326  155
82 1  326  141  162
83 1  394  399  383
84 1  394  400  399
85 1  454  383  399
86 1  454  452  383
87 1  455  453  454
88 1  454  453  452
89 1  147  143  142
90 1  147  146  143
91 1  148  159  146
92 1  143  159  141
93 1  146  159  143
94 1  162  141  159
95 1  387  399  400
96 1  456  399  387
97 1  456  454  399
98 1  458  454  456
99 1  455  454  458
100 1 459  461  458
101 1 461  455  458
102 1 461  459  462
103 1 100  154  151
104 1 151  154  144
105 1 146  147  144
106 1 147  151  144
107 1 150  152  146
108 1 144  150  146
109 1 464  463  456
110 1 456  463  458
111 1 459  458  463
112 1 465  459  463
113 1 467  459  465
114 1 467  469  462
115 1 467  462  459
116 1 468  462  469
117 1 209  97  203
118 1 100  97  93
119 1 154  100  93
120 1 100  203  97
121 1 92  154  93
122 1 92  150  154
123 1 479  150  92
124 1 154  150  144
125 1 472  463  464
126 1 465  463  472
127 1 471  465  472
128 1 470  465  471
129 1 467  465  470
130 1 88  467  470
131 1 469  467  88
132 1 75  80  88
133 1 80  469  88
134 1 202  211  79
135 1 79  80  81
136 1 102  202  79
137 1 102  103  202
138 1 103  102  114
139 1 97  209  103
140 1 97  103  104
141 1 105  97  104
142 1 105  93  97
143 1 106  93  105
144 1 106  107  92
145 1 106  92  93
146 1 479  92  107
147 1 78  470  471
148 1 77  470  78
149 1 77  88  470
150 1 75  88  77
151 1 75  81  80
152 1 74  73  81
153 1 75  74  81
154 1 73  79  81
155 1 113  114  102
156 1 73  113  102
157 1 73  102  79
158 1 112  104  114
159 1 114  104  103
160 1 111  105  112
161 1 112  105  104
162 1 106  105  111
163 1 72  113  73
164 1 72  73  74
165 1 281  267  261
166 1 260  261  267
167 1 259  260  267
168 1 262  260  259
169 1 262  263  260
170 1 263  262  265
171 1 338  341  339
172 1 335  341  266
173 1 335  339  341
174 1 280  258  277
175 1 280  267  258
176 1 258  266  277
177 1 258  335  266
178 1 275  259  280
179 1 280  259  267
180 1 273  262  259
181 1 275  273  259
182 1 265  262  272
183 1 264  223  272
184 1 272  262  273
185 1 223  265  272
186 1 214  223  363
187 1 368  214  363
188 1 214  368  366
189 1 349  347  348
190 1 245  341  338
191 1 352  245  338
192 1 338  347  352
193 1 338  348  347
194 1 255  341  245
195 1 255  266  341
196 1 266  255  277
197 1 363  223  264
198 1 368  363  377
199 1 375  363  264
200 1 365  368  377
201 1 376  365  377
202 1 360  368  365
203 1 360  366  368
204 1 360  365  359
205 1 353  350  351
206 1 347  351  334
207 1 334  350  342
208 1 351  350  334
209 1 349  351  347
210 1 347  334  352
211 1 249  250  248
212 1 241  27  249
213 1 248  241  249
214 1 28  27  241
215 1 33  28  241
216 1 34  29  33
217 1 33  29  28
218 1 30  29  34
219 1 365  376  370
220 1 369  374  359
221 1 358  369  370
222 1 369  359  370
223 1 370  359  365
224 1 374  369  317
225 1 173  174  350
226 1 353  173  350
227 1 350  174  342
228 1 342  174  246
229 1 239  240  243
230 1 244  248  243
231 1 243  250  239
232 1 248  250  243
233 1 37  248  244
234 1 37  241  248
235 1 38  33  37
236 1 37  33  241
237 1 39  34  38
238 1 38  34  33
239 1 42  30  34
240 1 39  42  34
241 1 42  40  30
242 1 41  40  42
243 1 369  358  329
244 1 309  358  318
245 1 320  317  329
246 1 329  317  369
247 1 164  386  163
248 1 168  163  386
249 1 174  163  168
250 1 397  168  386
251 1 173  163  174
252 1 174  168  246
253 1 243  240  254
254 1 254  240  236
255 1 256  243  254
256 1 256  244  243
257 1 257  244  256
258 1 257  24  244
259 1 24  37  244
260 1 24  38  37
261 1 24  45  38
262 1 39  38  45
263 1 44  39  45
264 1 43  39  44
265 1 36  41  43
266 1 43  42  39
267 1 43  41  42
268 1 36  153  41
269 1 153  367  41
270 1 157  160  153
271 1 329  358  309
272 1 309  318  155
273 1 308  329  309
274 1 308  320  329
275 1 390  391  386
276 1 164  390  386
277 1 394  397  391
278 1 391  397  386
279 1 254  236  451
280 1 451  236  453
281 1 237  254  451
282 1 237  256  254
283 1 237  257  256
284 1 237  189  257
285 1 188  43  44
286 1 36  43  188
287 1 187  140  188
288 1 140  36  188
289 1 149  153  36
290 1 140  149  36
291 1 153  149  157
292 1 157  149  142
293 1 309  155  326
294 1 328  308  326
295 1 162  328  326
296 1 308  309  326
297 1 390  385  391
298 1 390  379  385
299 1 400  394  385
300 1 385  394  391
301 1 451  453  460
302 1 460  453  455
303 1 466  237  451
304 1 460  466  451
305 1 189  237  466
306 1 190  191  466
307 1 191  189  466
308 1 191  190  192
309 1 195  193  194
310 1 187  193  196
311 1 140  187  196
312 1 187  194  193
313 1 158  140  196
314 1 158  149  140
315 1 142  158  147
316 1 142  149  158
317 1 139  148  161
318 1 139  159  148
319 1 139  314  162
320 1 139  162  159
321 1 389  385  379
322 1 389  400  385
323 1 389  382  400
324 1 382  387  400
325 1 382  388  387
326 1 464  387  388
327 1 460  455  461
328 1 457  461  462
329 1 457  460  461
330 1 466  460  457
331 1 468  190  457
332 1 457  190  466
333 1 192  190  204
334 1 205  206  192
335 1 205  192  204
336 1 193  195  207
337 1 207  195  206
338 1 210  206  205
339 1 208  193  207
340 1 208  196  193
341 1 196  208  151
342 1 158  196  151
343 1 151  208  100
344 1 158  151  147
345 1 161  148  152
346 1 152  148  146
347 1 494  161  152
348 1 495  145  161
349 1 401  404  388
350 1 382  401  388
351 1 387  464  456
352 1 388  404  472
353 1 457  462  468
354 1 473  468  469
355 1 473  204  468
356 1 204  190  468
357 1 211  205  473
358 1 473  205  204
359 1 210  205  211
360 1 210  207  206
361 1 203  207  209
362 1 203  208  207
363 1 207  210  209
364 1 208  203  100
365 1 152  479  494
366 1 152  150  479
367 1 493  495  494
368 1 494  495  161
369 1 405  404  401
370 1 418  472  404
371 1 405  419  404
372 1 388  472  464
373 1 419  418  404
374 1 471  472  418
375 1 473  469  80
376 1 211  80  79
377 1 211  473  80
378 1 209  202  103
379 1 210  211  202
380 1 210  202  209
381 1 107  106  95
382 1 485  107  95
383 1 485  480  107
384 1 480  479  107
385 1 480  494  479
386 1 493  494  480
387 1 410  418  419
388 1 411  78  471
389 1 410  70  411
390 1 418  410  411
391 1 418  411  471
392 1 71  78  411
393 1 71  77  78
394 1 82  77  71
395 1 82  75  77
396 1 74  75  82
397 1 114  113  110
398 1 109  112  110
399 1 110  112  114
400 1 108  111  112
401 1 109  108  112
402 1 101  111  108
403 1 101  95  111
404 1 95  106  111
405 1 486  95  101
406 1 485  95  486
407 1 76  71  70
408 1 86  71  76
409 1 70  71  411
410 1 82  71  86
411 1 89  82  86
412 1 89  74  82
413 1 89  83  72
414 1 89  72  74
415 1 98  113  90
416 1 90  113  72
417 1 110  113  98
418 1 96  109  98
419 1 98  109  110
420 1 94  109  96
421 1 94  108  109
422 1 101  108  94
423 1 345  270  271
424 1 269  271  261
425 1 261  271  281
426 1 267  281  258
427 1 268  269  261
428 1 260  268  261
429 1 268  260  263
430 1 231  268  263
431 1 213  263  265
432 1 230  213  265
433 1 213  231  263
434 1 217  215  212
435 1 340  330  344
436 1 333  354  346
437 1 339  333  346
438 1 339  346  348
439 1 281  270  335
440 1 335  270  333
441 1 335  333  339
442 1 281  335  258
443 1 230  265  223
444 1 230  223  214
445 1 225  212  230
446 1 225  230  214
447 1 225  214  366
448 1 224  225  366
449 1 332  167  330
450 1 343  349  348
451 1 346  343  348
452 1 343  337  349
453 1 343  330  337
454 1 339  348  338
455 1 362  224  366
456 1 360  362  366
457 1 361  360  359
458 1 361  362  360
459 1 337  353  351
460 1 337  167  166
461 1 337  166  353
462 1 337  351  349
463 1 374  361  359
464 1 374  355  361
465 1 311  355  374
466 1 317  311  374
467 1 186  170  169
468 1 166  173  353
469 1 166  169  173
470 1 169  165  173
471 1 311  317  327
472 1 327  317  320
473 1 165  170  164
474 1 163  165  164
475 1 170  171  164
476 1 165  163  173
477 1 24  257  35
478 1 201  45  35
479 1 35  45  24
480 1 44  45  201
481 1 320  308  325
482 1 324  320  325
483 1 327  320  324
484 1 324  325  323
485 1 171  390  164
486 1 171  393  390
487 1 35  189  200
488 1 35  257  189
489 1 201  200  199
490 1 201  35  200
491 1 198  44  201
492 1 199  198  201
493 1 198  188  44
494 1 194  187  198
495 1 313  328  314
496 1 325  308  328
497 1 313  323  325
498 1 328  313  325
499 1 393  379  390
500 1 393  392  379
501 1 200  189  191
502 1 197  191  192
503 1 197  199  200
504 1 197  200  191
505 1 198  199  194
506 1 194  199  197
507 1 194  197  195
508 1 188  198  187
509 1 314  139  145
510 1 314  328  162
511 1 315  314  145
512 1 315  313  314
513 1 378  379  392
514 1 378  396  389
515 1 378  389  379
516 1 382  389  396
517 1 206  195  192
518 1 195  197  192
519 1 492  495  496
520 1 492  145  495
521 1 145  139  161
522 1 315  145  492
523 1 380  395  378
524 1 396  401  382
525 1 396  395  407
526 1 396  407  401
527 1 496  493  491
528 1 496  495  493
529 1 405  401  407
530 1 416  405  407
531 1 417  419  405
532 1 416  417  405
533 1 487  485  488
534 1 487  480  485
535 1 487  493  480
536 1 487  491  493
537 1 410  419  417
538 1 425  426  417
539 1 426  70  410
540 1 417  426  410
541 1 486  101  99
542 1 484  486  99
543 1 488  486  484
544 1 488  485  486
545 1 422  76  70
546 1 426  422  70
547 1 91  76  422
548 1 91  85  76
549 1 85  86  76
550 1 85  84  86
551 1 84  89  86
552 1 83  89  84
553 1 83  90  72
554 1 68  90  83
555 1 22  98  90
556 1 96  98  22
557 1 21  96  22
558 1 20  96  21
559 1 18  94  20
560 1 20  94  96
561 1 99  101  94
562 1 18  99  94
563 1 69  84  85
564 1 68  83  84
565 1 69  68  84
566 1 17  22  68
567 1 68  22  90
568 1 21  22  17
569 1 271  270  281
570 1 443  279  269
571 1 271  279  345
572 1 269  279  271
573 1 278  269  268
574 1 278  443  269
575 1 215  216  231
576 1 231  216  278
577 1 231  278  268
578 1 212  215  213
579 1 213  215  231
580 1 212  213  230
581 1 344  343  346
582 1 354  344  346
583 1 354  336  344
584 1 336  340  344
585 1 345  333  270
586 1 345  354  333
587 1 449  354  345
588 1 449  345  279
589 1 216  215  218
590 1 219  218  217
591 1 217  218  215
592 1 220  212  225
593 1 220  219  217
594 1 220  217  212
595 1 221  220  224
596 1 224  220  225
597 1 330  167  337
598 1 340  332  330
599 1 332  340  331
600 1 343  344  330
601 1 340  430  331
602 1 430  340  336
603 1 222  224  362
604 1 222  221  224
605 1 355  362  361
606 1 355  222  362
607 1 332  185  167
608 1 167  185  184
609 1 167  184  166
610 1 185  332  331
611 1 364  222  355
612 1 357  364  355
613 1 321  357  311
614 1 311  357  355
615 1 169  170  165
616 1 184  169  166
617 1 184  186  169
618 1 182  186  184
619 1 321  327  319
620 1 321  311  327
621 1 186  180  181
622 1 170  186  181
623 1 170  181  171
624 1 180  186  182
625 1 291  290  126
626 1 299  298  290
627 1 291  299  290
628 1 301  300  299
629 1 299  300  298
630 1 305  300  301
631 1 319  327  324
632 1 306  319  324
633 1 307  319  306
634 1 306  324  323
635 1 181  178  171
636 1 171  178  393
637 1 123  126  124
638 1 124  126  290
639 1 297  290  298
640 1 297  124  290
641 1 284  297  298
642 1 300  284  298
643 1 283  300  305
644 1 283  284  300
645 1 322  306  310
646 1 322  307  306
647 1 306  323  310
648 1 310  323  313
649 1 178  392  393
650 1 392  381  380
651 1 178  381  392
652 1 384  380  381
653 1 121  123  124
654 1 122  121  124
655 1 297  122  124
656 1 297  286  122
657 1 285  286  284
658 1 284  286  297
659 1 55  285  283
660 1 283  285  284
661 1 63  322  483
662 1 483  322  310
663 1 310  315  483
664 1 310  313  315
665 1 380  378  392
666 1 380  402  395
667 1 406  402  384
668 1 384  402  380
669 1 121  122  118
670 1 129  122  286
671 1 129  118  122
672 1 56  129  286
673 1 285  56  286
674 1 56  285  64
675 1 492  496  478
676 1 63  483  478
677 1 483  492  478
678 1 315  492  483
679 1 395  396  378
680 1 406  413  402
681 1 402  413  395
682 1 413  407  395
683 1 478  496  477
684 1 477  496  491
685 1 424  416  413
686 1 413  416  407
687 1 403  416  424
688 1 403  417  416
689 1 497  488  476
690 1 497  487  488
691 1 477  491  497
692 1 497  491  487
693 1 425  417  403
694 1 423  425  403
695 1 421  425  423
696 1 421  426  425
697 1 475  484  474
698 1 474  484  99
699 1 476  484  475
700 1 476  488  484
701 1 420  422  421
702 1 421  422  426
703 1 6  91  420
704 1 420  91  422
705 1 87  91  6
706 1 23  87  6
707 1 87  85  91
708 1 12  11  23
709 1 23  11  87
710 1 14  13  12
711 1 12  13  11
712 1 14  15  13
713 1 13  15  21
714 1 15  20  21
715 1 16  18  15
716 1 15  18  20
717 1 474  18  16
718 1 474  99  18
719 1 69  85  87
720 1 11  69  87
721 1 11  17  69
722 1 13  17  11
723 1 69  17  68
724 1 21  17  13
725 1 448  279  443
726 1 226  443  278
727 1 226  445  443
728 1 226  278  216
729 1 449  336  354
730 1 447  336  449
731 1 448  447  449
732 1 448  449  279
733 1 448  446  447
734 1 445  446  448
735 1 444  445  226
736 1 443  445  448
737 1 227  216  218
738 1 227  226  216
739 1 444  226  227
740 1 228  218  219
741 1 228  227  218
742 1 221  219  220
743 1 229  228  219
744 1 229  219  221
745 1 450  331  430
746 1 447  430  336
747 1 447  442  430
748 1 442  450  430
749 1 441  442  446
750 1 446  442  447
751 1 440  446  445
752 1 440  441  446
753 1 440  445  444
754 1 439  440  444
755 1 232  444  227
756 1 232  439  444
757 1 232  227  228
758 1 233  232  228
759 1 234  233  229
760 1 229  233  228
761 1 235  221  222
762 1 235  229  221
763 1 234  229  235
764 1 235  222  364
765 1 438  172  185
766 1 450  436  438
767 1 331  438  185
768 1 450  438  331
769 1 435  450  442
770 1 435  436  450
771 1 435  442  441
772 1 434  435  441
773 1 433  441  440
774 1 433  434  441
775 1 433  440  439
776 1 432  433  439
777 1 431  439  232
778 1 431  432  439
779 1 304  431  233
780 1 233  431  232
781 1 303  304  234
782 1 234  304  233
783 1 302  303  234
784 1 235  302  234
785 1 312  364  357
786 1 364  302  235
787 1 312  302  364
788 1 312  357  321
789 1 185  182  184
790 1 185  172  182
791 1 175  438  436
792 1 175  172  438
793 1 429  436  435
794 1 429  437  436
795 1 429  435  434
796 1 428  429  434
797 1 427  434  433
798 1 427  428  434
799 1 296  427  432
800 1 432  427  433
801 1 295  432  431
802 1 295  296  432
803 1 294  295  304
804 1 304  295  431
805 1 293  294  303
806 1 303  294  304
807 1 292  293  303
808 1 302  292  303
809 1 316  287  312
810 1 312  292  302
811 1 321  319  316
812 1 312  321  316
813 1 176  181  180
814 1 172  180  182
815 1 180  177  176
816 1 172  177  180
817 1 119  177  175
818 1 175  177  172
819 1 437  175  436
820 1 437  119  175
821 1 136  429  428
822 1 136  437  429
823 1 428  126  136
824 1 428  291  126
825 1 427  291  428
826 1 296  291  427
827 1 296  299  291
828 1 295  301  296
829 1 296  301  299
830 1 294  301  295
831 1 294  305  301
832 1 293  305  294
833 1 288  289  293
834 1 293  289  305
835 1 292  288  293
836 1 292  287  288
837 1 287  292  312
838 1 65  287  316
839 1 316  307  65
840 1 316  319  307
841 1 176  183  178
842 1 181  176  178
843 1 179  183  176
844 1 177  179  176
845 1 179  177  119
846 1 137  179  119
847 1 134  119  437
848 1 134  137  119
849 1 123  134  136
850 1 136  134  437
851 1 136  126  123
852 1 133  134  123
853 1 289  55  283
854 1 305  289  283
855 1 50  289  288
856 1 54  55  289
857 1 50  288  287
858 1 50  54  289
859 1 50  287  65
860 1 49  51  65
861 1 49  307  322
862 1 49  65  307
863 1 381  178  183
864 1 179  125  183
865 1 183  125  384
866 1 183  384  381
867 1 125  179  137
868 1 120  125  137
869 1 115  137  134
870 1 115  120  137
871 1 117  135  133
872 1 133  115  134
873 1 133  121  117
874 1 133  123  121
875 1 55  64  285
876 1 55  47  64
877 1 48  47  54
878 1 54  47  55
879 1 51  54  50
880 1 51  48  54
881 1 52  51  49
882 1 65  51  50
883 1 49  63  52
884 1 49  322  63
885 1 125  128  384
886 1 384  128  406
887 1 128  125  120
888 1 132  128  120
889 1 135  132  120
890 1 115  135  120
891 1 138  116  117
892 1 133  135  115
893 1 131  138  118
894 1 118  138  117
895 1 118  117  121
896 1 62  131  129
897 1 129  131  118
898 1 61  62  56
899 1 56  62  129
900 1 60  61  64
901 1 47  60  64
902 1 64  61  56
903 1 58  47  48
904 1 58  60  47
905 1 52  48  51
906 1 46  58  48
907 1 482  46  52
908 1 52  46  48
909 1 63  478  482
910 1 52  63  482
911 1 128  414  406
912 1 406  414  424
913 1 415  414  132
914 1 132  414  128
915 1 116  132  135
916 1 116  415  132
917 1 127  116  138
918 1 117  116  135
919 1 130  127  138
920 1 131  130  138
921 1 19  131  62
922 1 19  130  131
923 1 66  62  61
924 1 66  19  62
925 1 67  61  60
926 1 67  66  61
927 1 59  60  58
928 1 59  67  60
929 1 57  58  46
930 1 57  59  58
931 1 481  46  482
932 1 481  57  46
933 1 482  477  481
934 1 482  478  477
935 1 424  413  406
936 1 415  408  414
937 1 414  408  424
938 1 408  403  424
939 1 409  408  415
940 1 116  127  415
941 1 10  409  127
942 1 127  409  415
943 1 9  10  130
944 1 130  10  127
945 1 9  130  19
946 1 8  9  19
947 1 8  19  66
948 1 7  8  66
949 1 53  7  67
950 1 67  7  66
951 1 489  53  59
952 1 59  53  67
953 1 490  489  57
954 1 57  489  59
955 1 57  481  490
956 1 490  481  497
957 1 490  497  476
958 1 477  497  481
959 1 423  403  408
960 1 409  412  423
961 1 408  409  423
962 1 412  421  423
963 1 5  412  10
964 1 10  412  409
965 1 4  10  9
966 1 4  5  10
967 1 3  9  8
968 1 3  4  9
969 1 2  8  7
970 1 2  3  8
971 1 1  7  53
972 1 1  2  7
973 1 0  53  489
974 1 0  1  53
975 1 489  475  0
976 1 0  475  474
977 1 490  475  489
978 1 476  475  490
979 1 420  421  412
980 1 5  420  412
981 1 5  6  420
982 1 4  6  5
983 1 4  23  6
984 1 3  23  4
985 1 3  12  23
986 1 2  12  3
987 1 2  14  12
988 1 1  14  2
989 1 1  16  14
990 1 16  15  14
991 1 0  16  1
992 1 474  16  0

Dihedrals

1 1  5 1 2 3
2 1  12 3 1 2
3 1  2 5 1 14
4 1  3 1 12 28
5 1  28 1 14 5
6 1  14 28 1 12
7 1  121 2 3 1
8 1  122 5 2 1
9 1  122 2 119 121
10 1  119 2 121 3
11 1  119 122 2 5
12 1  13 3 12 1
13 1  130 3 13 12
14 1  130 121 3 2
15 1  13 130 3 121
16 1  14 5 4 7
17 1  16 4 6 7
18 1  5 7 4 6
19 1  5 4 14 15
20 1  16 15 4 14
21 1  6 16 4 15
22 1  122 7 5 4
23 1  4 14 5 1
24 1  7 5 122 2
25 1  8 6 7 4
26 1  18 6 8 7
27 1  18 16 6 4
28 1  8 18 6 16
29 1  124 8 7 6
30 1  5 122 7 124
31 1  8 7 124 122
32 1  133 18 8 6
33 1  7 124 8 126
34 1  133 8 126 124
35 1  126 133 8 18
36 1  25 10 9 13
37 1  27 9 12 13
38 1  10 13 9 12
39 1  26 25 9 10
40 1  27 26 9 25
41 1  12 27 9 26
42 1  129 10 11 25
43 1  127 13 10 9
44 1  9 25 10 11
45 1  13 10 127 129
46 1  11 129 10 127
47 1  23 11 22 25
48 1  137 11 23 22
49 1  22 11 25 10
50 1  137 129 11 10
51 1  23 137 11 129
52 1  3 12 13 9
53 1  28 27 12 9
54 1  27 12 28 1
55 1  130 13 127 10
56 1  3 13 130 127
57 1  29 14 15 4
58 1  29 28 14 1
59 1  15 29 14 28
60 1  17 15 16 4
61 1  16 17 15 30
62 1  30 29 15 14
63 1  17 30 15 29
64 1  15 16 17 19
65 1  19 16 18 6
66 1  18 19 16 17
67 1  32 17 19 16
68 1  31 30 17 15
69 1  32 31 17 30
70 1  19 32 17 31
71 1  132 19 18 16
72 1  19 18 132 133
73 1  132 18 133 8
74 1  33 19 20 132
75 1  33 32 19 17
76 1  32 19 33 20
77 1  18 132 19 20
78 1  140 21 20 33
79 1  21 33 20 19
80 1  134 20 132 19
81 1  140 20 134 132
82 1  21 20 140 134
83 1  43 33 21 20
84 1  43 21 34 35
85 1  140 35 21 34
86 1  34 43 21 33
87 1  35 21 140 20
88 1  11 22 23 24
89 1  37 24 22 23
90 1  40 22 25 11
91 1  40 37 22 24
92 1  25 40 22 37
93 1  143 23 24 22
94 1  11 23 137 144
95 1  144 23 143 24
96 1  143 144 23 137
97 1  22 37 24 38
98 1  153 24 38 37
99 1  153 143 24 23
100 1  38 153 24 143
101 1  40 25 26 9
102 1  26 40 25 22
103 1  146 26 27 9
104 1  155 40 26 25
105 1  155 26 146 27
106 1  146 155 26 40
107 1  147 27 28 12
108 1  147 146 27 26
109 1  146 27 147 28
110 1  147 28 29 14
111 1  29 147 28 27
112 1  148 29 30 15
113 1  148 147 29 28
114 1  30 148 29 147
115 1  149 30 31 17
116 1  29 30 148 149
117 1  31 149 30 148
118 1  41 31 32 17
119 1  160 31 41 32
120 1  160 149 31 30
121 1  41 160 31 149
122 1  43 32 33 19
123 1  43 41 32 31
124 1  33 43 32 41
125 1  32 33 43 21
126 1  36 34 35 21
127 1  45 34 36 35
128 1  51 43 34 21
129 1  51 34 44 45
130 1  36 45 34 44
131 1  44 51 34 43
132 1  150 36 35 34
133 1  142 35 140 21
134 1  140 142 35 150
135 1  142 150 35 36
136 1  175 45 36 34
137 1  161 36 150 35
138 1  175 36 161 150
139 1  161 175 36 45
140 1  49 38 37 24
141 1  49 37 39 40
142 1  22 40 37 39
143 1  39 49 37 38
144 1  47 38 46 49
145 1  153 38 47 46
146 1  37 49 38 46
147 1  47 153 38 24
148 1  155 39 40 37
149 1  37 39 49 50
150 1  166 50 39 49
151 1  166 39 155 40
152 1  50 39 166 155
153 1  26 155 40 39
154 1  160 41 42 51
155 1  51 41 43 32
156 1  43 51 41 42
157 1  42 160 41 31
158 1  174 42 51 41
159 1  172 160 42 41
160 1  160 42 172 173
161 1  174 173 42 172
162 1  51 174 42 173
163 1  41 43 51 34
164 1  54 44 45 34
165 1  174 51 44 34
166 1  174 44 52 54
167 1  45 54 44 52
168 1  52 174 44 51
169 1  175 54 45 44
170 1  54 45 175 36
171 1  38 46 47 48
172 1  55 48 46 47
173 1  57 46 49 38
174 1  57 55 46 48
175 1  49 57 46 55
176 1  163 47 48 46
177 1  38 47 153 164
178 1  48 163 47 164
179 1  153 47 164 163
180 1  46 55 48 56
181 1  177 48 56 55
182 1  177 163 48 47
183 1  163 48 177 56
184 1  57 49 50 39
185 1  50 57 49 46
186 1  49 50 57 58
187 1  179 58 50 57
188 1  179 50 166 39
189 1  58 50 179 166
190 1  42 51 174 44
191 1  60 52 53 54
192 1  44 54 52 53
193 1  185 52 60 53
194 1  185 174 52 44
195 1  60 185 52 174
196 1  61 53 54 52
197 1  61 59 53 60
198 1  52 53 60 59
199 1  54 61 53 59
200 1  62 61 54 53
201 1  175 62 54 61
202 1  62 54 175 45
203 1  64 56 55 48
204 1  66 55 57 46
205 1  66 64 55 56
206 1  57 66 55 64
207 1  65 56 64 55
208 1  187 56 65 64
209 1  187 177 56 48
210 1  177 56 187 65
211 1  66 57 58 50
212 1  58 66 57 55
213 1  57 58 66 67
214 1  189 67 58 66
215 1  189 58 179 50
216 1  67 58 189 179
217 1  69 60 59 53
218 1  71 59 61 53
219 1  71 68 59 69
220 1  68 69 59 60
221 1  68 59 71 61
222 1  198 60 69 59
223 1  198 185 60 52
224 1  185 60 198 69
225 1  63 61 62 54
226 1  71 61 63 62
227 1  63 71 61 59
228 1  186 63 62 61
229 1  176 62 175 54
230 1  175 176 62 186
231 1  63 62 186 176
232 1  200 71 63 61
233 1  279 63 186 62
234 1  71 63 200 279
235 1  186 279 63 200
236 1  72 65 64 56
237 1  73 64 66 55
238 1  73 72 64 65
239 1  66 73 64 72
240 1  203 65 72 64
241 1  201 187 65 56
242 1  203 201 65 187
243 1  72 203 65 201
244 1  74 66 67 58
245 1  74 73 66 64
246 1  67 74 66 73
247 1  76 74 67 66
248 1  189 76 67 74
249 1  76 67 189 58
250 1  81 69 68 59
251 1  210 68 70 71
252 1  59 71 68 70
253 1  82 81 68 69
254 1  81 68 82 210
255 1  70 210 68 82
256 1  198 69 79 81
257 1  79 69 81 68
258 1  79 198 69 60
259 1  200 70 71 68
260 1  210 70 199 200
261 1  71 200 70 199
262 1  68 70 210 199
263 1  63 200 71 70
264 1  84 72 73 64
265 1  73 84 72 202
266 1  84 202 72 203
267 1  202 203 72 65
268 1  83 73 74 66
269 1  74 83 73 84
270 1  72 73 84 83
271 1  83 74 75 76
272 1  67 76 74 75
273 1  75 83 74 73
274 1  77 75 76 74
275 1  86 75 77 76
276 1  85 83 75 74
277 1  86 85 75 83
278 1  77 86 75 85
279 1  204 77 76 75
280 1  204 76 189 67
281 1  189 204 76 77
282 1  75 77 86 88
283 1  204 87 77 88
284 1  87 88 77 86
285 1  87 77 204 76
286 1  81 78 79 80
287 1  92 80 78 79
288 1  82 78 81 79
289 1  81 82 78 93
290 1  93 92 78 80
291 1  82 93 78 92
292 1  209 79 80 78
293 1  69 81 79 78
294 1  198 79 197 209
295 1  69 79 198 197
296 1  80 209 79 197
297 1  90 80 89 92
298 1  209 80 90 89
299 1  78 92 80 89
300 1  90 209 80 79
301 1  78 81 82 68
302 1  94 93 82 78
303 1  210 94 82 93
304 1  94 82 210 68
305 1  95 84 83 73
306 1  95 83 85 75
307 1  85 95 83 84
308 1  202 84 95 83
309 1  95 202 84 72
310 1  97 85 86 75
311 1  96 95 85 83
312 1  97 96 85 95
313 1  86 97 85 96
314 1  98 86 88 77
315 1  98 97 86 85
316 1  88 98 86 97
317 1  214 88 87 77
318 1  205 87 191 204
319 1  77 204 87 191
320 1  191 205 87 214
321 1  205 214 87 88
322 1  100 98 88 86
323 1  214 100 88 98
324 1  100 88 214 87
325 1  80 89 90 91
326 1  104 91 89 90
327 1  106 89 92 80
328 1  105 104 89 91
329 1  106 105 89 104
330 1  92 106 89 105
331 1  208 90 91 89
332 1  209 90 208 91
333 1  80 90 209 208
334 1  216 91 102 104
335 1  102 91 104 89
336 1  216 208 91 90
337 1  102 216 91 208
338 1  107 92 93 78
339 1  107 106 92 89
340 1  93 107 92 106
341 1  108 93 94 82
342 1  92 93 107 108
343 1  94 108 93 107
344 1  224 108 94 93
345 1  82 210 94 217
346 1  224 94 217 210
347 1  217 224 94 108
348 1  220 95 96 85
349 1  84 95 202 212
350 1  220 212 95 202
351 1  96 220 95 212
352 1  109 96 97 85
353 1  226 96 109 97
354 1  226 220 96 95
355 1  220 96 226 109
356 1  110 97 98 86
357 1  110 109 97 96
358 1  98 110 97 109
359 1  88 100 98 111
360 1  111 110 98 97
361 1  110 98 111 100
362 1  111 100 99 101
363 1  113 99 101 100
364 1  112 111 99 100
365 1  111 99 112 113
366 1  101 113 99 112
367 1  215 101 100 99
368 1  99 111 100 98
369 1  215 100 214 88
370 1  214 215 100 101
371 1  103 101 102 215
372 1  113 101 103 102
373 1  103 113 101 99
374 1  100 215 101 102
375 1  104 103 102 101
376 1  91 104 102 103
377 1  216 102 215 101
378 1  91 102 216 215
379 1  115 103 104 102
380 1  101 103 113 114
381 1  113 103 114 115
382 1  114 103 115 104
383 1  115 104 105 89
384 1  105 115 104 103
385 1  116 105 106 89
386 1  104 105 115 116
387 1  106 116 105 115
388 1  117 106 107 92
389 1  105 106 116 117
390 1  107 117 106 116
391 1  222 107 108 93
392 1  222 117 107 106
393 1  117 107 222 108
394 1  223 222 108 107
395 1  224 223 108 222
396 1  94 224 108 223
397 1  228 109 110 97
398 1  228 226 109 96
399 1  110 228 109 226
400 1  229 110 111 98
401 1  229 228 110 109
402 1  111 229 110 228
403 1  229 111 112 99
404 1  112 229 111 110
405 1  118 112 113 99
406 1  237 112 118 113
407 1  237 229 112 111
408 1  118 237 112 229
409 1  118 113 114 103
410 1  112 113 118 114
411 1  230 114 115 103
412 1  238 118 114 113
413 1  239 114 230 115
414 1  118 114 238 239
415 1  230 239 114 238
416 1  230 115 116 105
417 1  116 230 115 114
418 1  232 116 117 106
419 1  115 116 230 231
420 1  232 231 116 230
421 1  231 116 232 117
422 1  107 222 117 233
423 1  233 232 117 116
424 1  222 233 117 232
425 1  112 118 237 304
426 1  304 118 238 114
427 1  238 304 118 237
428 1  123 119 120 242
429 1  242 119 121 2
430 1  2 119 122 123
431 1  122 119 123 120
432 1  121 242 119 120
433 1  246 123 120 119
434 1  243 120 242 119
435 1  242 243 120 245
436 1  246 120 245 243
437 1  123 120 246 245
438 1  131 121 130 3
439 1  242 121 131 130
440 1  131 242 121 119
441 1  124 122 123 119
442 1  7 122 124 123
443 1  125 124 123 122
444 1  246 125 123 124
445 1  125 123 246 120
446 1  126 124 125 123
447 1  8 124 126 125
448 1  249 126 125 124
449 1  247 125 246 123
450 1  249 125 247 246
451 1  247 249 125 126
452 1  248 133 126 8
453 1  133 126 248 249
454 1  248 126 249 125
455 1  131 127 128 129
456 1  10 129 127 128
457 1  13 127 130 131
458 1  128 131 127 130
459 1  138 128 129 127
460 1  254 131 128 127
461 1  129 138 128 251
462 1  138 251 128 254
463 1  131 128 254 251
464 1  138 129 137 11
465 1  128 129 138 137
466 1  121 130 131 127
467 1  121 131 242 244
468 1  254 244 131 242
469 1  128 254 131 244
470 1  18 133 132 135
471 1  20 132 134 135
472 1  134 132 135 133
473 1  248 135 133 132
474 1  135 133 248 126
475 1  136 134 135 132
476 1  141 134 136 135
477 1  141 140 134 20
478 1  136 141 134 140
479 1  255 136 135 134
480 1  255 135 248 133
481 1  136 135 255 248
482 1  260 141 136 134
483 1  256 136 255 135
484 1  260 136 256 255
485 1  141 136 260 256
486 1  129 137 138 139
487 1  144 139 137 138
488 1  139 137 144 23
489 1  253 138 139 137
490 1  253 251 138 128
491 1  251 138 253 139
492 1  257 139 144 137
493 1  257 253 139 138
494 1  144 257 139 253
495 1  142 140 141 134
496 1  35 140 142 141
497 1  261 142 141 140
498 1  261 141 260 136
499 1  260 261 141 142
500 1  35 142 150 151
501 1  261 151 142 150
502 1  151 142 261 141
503 1  23 143 144 145
504 1  154 145 143 144
505 1  24 153 143 154
506 1  145 143 154 153
507 1  257 144 145 143
508 1  139 144 257 145
509 1  262 145 154 143
510 1  262 257 145 144
511 1  154 262 145 257
512 1  157 146 147 27
513 1  26 146 155 156
514 1  157 156 146 155
515 1  147 157 146 156
516 1  157 147 148 29
517 1  148 157 147 146
518 1  158 148 149 30
519 1  147 148 157 158
520 1  149 158 148 157
521 1  148 149 158 159
522 1  160 159 149 158
523 1  159 149 160 31
524 1  152 150 151 142
525 1  161 150 152 151
526 1  152 161 150 36
527 1  264 152 151 150
528 1  263 151 261 142
529 1  264 151 263 261
530 1  152 151 264 263
531 1  150 152 161 162
532 1  268 162 152 161
533 1  268 152 264 151
534 1  162 152 268 264
535 1  164 154 153 143
536 1  154 153 164 47
537 1  265 154 164 153
538 1  266 262 154 145
539 1  164 265 154 266
540 1  265 266 154 262
541 1  167 155 156 146
542 1  167 166 155 39
543 1  156 167 155 166
544 1  169 156 157 146
545 1  168 167 156 155
546 1  169 168 156 167
547 1  157 169 156 168
548 1  169 157 158 148
549 1  158 169 157 156
550 1  170 158 159 149
551 1  170 169 158 157
552 1  159 170 158 169
553 1  172 159 160 149
554 1  171 170 159 158
555 1  172 171 159 170
556 1  160 172 159 171
557 1  42 172 160 159
558 1  176 161 162 152
559 1  176 175 161 36
560 1  162 176 161 175
561 1  272 176 162 161
562 1  273 162 268 152
563 1  273 272 162 176
564 1  268 273 162 272
565 1  47 163 164 165
566 1  178 165 163 164
567 1  48 177 163 178
568 1  165 163 178 177
569 1  265 164 165 163
570 1  154 164 265 165
571 1  269 165 178 163
572 1  164 165 265 267
573 1  269 267 165 265
574 1  178 269 165 267
575 1  180 166 167 155
576 1  180 179 166 50
577 1  167 180 166 179
578 1  180 167 168 156
579 1  168 180 167 166
580 1  270 168 169 156
581 1  181 180 168 167
582 1  270 181 168 180
583 1  181 168 270 169
584 1  270 169 170 158
585 1  170 270 169 168
586 1  271 170 171 159
587 1  169 170 270 271
588 1  171 271 170 270
589 1  182 171 172 159
590 1  278 171 182 172
591 1  278 271 171 170
592 1  182 278 171 271
593 1  182 172 173 42
594 1  173 182 172 171
595 1  185 173 174 42
596 1  184 182 173 172
597 1  185 184 173 182
598 1  184 173 185 174
599 1  52 185 174 173
600 1  62 175 176 161
601 1  272 186 176 62
602 1  186 176 272 162
603 1  187 178 177 163
604 1  56 187 177 178
605 1  188 178 187 177
606 1  275 178 188 187
607 1  275 269 178 165
608 1  188 275 178 269
609 1  190 179 180 166
610 1  190 189 179 58
611 1  189 179 190 180
612 1  190 180 181 168
613 1  181 190 180 179
614 1  192 190 181 180
615 1  276 192 181 190
616 1  168 270 181 276
617 1  192 181 276 270
618 1  278 182 183 184
619 1  173 184 182 183
620 1  183 278 182 171
621 1  197 183 184 182
622 1  195 183 194 197
623 1  278 183 195 194
624 1  184 197 183 194
625 1  182 183 278 195
626 1  198 184 185 173
627 1  198 197 184 183
628 1  185 198 184 197
629 1  60 198 185 184
630 1  280 186 272 176
631 1  63 186 279 280
632 1  272 280 186 279
633 1  201 188 187 178
634 1  65 201 187 188
635 1  285 188 201 187
636 1  281 275 188 178
637 1  285 281 188 275
638 1  201 285 188 281
639 1  204 189 190 179
640 1  190 204 189 76
641 1  204 190 191 192
642 1  181 192 190 191
643 1  191 204 190 189
644 1  193 191 192 190
645 1  205 191 193 192
646 1  190 191 204 87
647 1  87 191 205 193
648 1  282 193 192 191
649 1  282 192 276 181
650 1  276 282 192 193
651 1  282 196 193 207
652 1  206 205 193 191
653 1  205 193 206 207
654 1  196 207 193 206
655 1  196 193 282 192
656 1  183 194 195 196
657 1  208 196 194 195
658 1  209 194 197 183
659 1  209 208 194 196
660 1  197 209 194 208
661 1  282 195 196 194
662 1  282 277 195 278
663 1  277 278 195 183
664 1  196 282 195 277
665 1  193 196 207 208
666 1  207 196 208 194
667 1  193 282 196 195
668 1  79 197 198 184
669 1  79 209 197 194
670 1  283 199 200 70
671 1  217 210 199 70
672 1  217 199 211 283
673 1  211 217 199 210
674 1  200 283 199 211
675 1  283 200 279 63
676 1  199 200 283 279
677 1  286 201 203 65
678 1  188 201 285 286
679 1  203 286 201 285
680 1  213 203 202 72
681 1  95 212 202 213
682 1  203 202 213 212
683 1  286 203 213 202
684 1  213 286 203 201
685 1  214 205 206 193
686 1  206 214 205 87
687 1  216 206 207 193
688 1  205 206 214 215
689 1  216 215 206 214
690 1  215 206 216 207
691 1  216 207 208 196
692 1  208 216 207 206
693 1  90 208 209 194
694 1  91 216 208 207
695 1  94 210 217 199
696 1  199 211 217 218
697 1  287 218 211 217
698 1  288 211 283 199
699 1  218 211 287 288
700 1  283 288 211 287
701 1  219 213 212 202
702 1  221 219 212 213
703 1  221 212 220 95
704 1  220 221 212 219
705 1  290 213 219 212
706 1  290 286 213 203
707 1  219 290 213 286
708 1  100 214 215 206
709 1  102 215 216 206
710 1  224 217 218 211
711 1  218 224 217 94
712 1  295 224 218 217
713 1  211 287 218 291
714 1  295 218 291 287
715 1  291 295 218 224
716 1  293 219 221 212
717 1  292 290 219 213
718 1  293 292 219 290
719 1  292 219 293 221
720 1  225 221 220 212
721 1  226 225 220 221
722 1  96 226 220 225
723 1  293 221 225 220
724 1  225 293 221 219
725 1  234 222 223 108
726 1  234 233 222 117
727 1  223 234 222 233
728 1  295 223 224 108
729 1  294 234 223 222
730 1  234 223 294 295
731 1  224 295 223 294
732 1  218 295 224 223
733 1  220 226 225 227
734 1  297 225 227 226
735 1  297 293 225 221
736 1  293 225 297 227
737 1  228 227 226 225
738 1  227 226 228 109
739 1  226 228 227 235
740 1  300 227 235 228
741 1  300 297 227 225
742 1  297 227 300 235
743 1  236 228 229 110
744 1  236 235 228 227
745 1  229 236 228 235
746 1  237 236 229 228
747 1  112 237 229 236
748 1  239 230 231 116
749 1  231 239 230 114
750 1  241 231 232 116
751 1  230 231 239 240
752 1  241 240 231 239
753 1  232 241 231 240
754 1  241 232 233 117
755 1  233 241 232 231
756 1  298 233 234 222
757 1  298 241 233 232
758 1  241 233 298 234
759 1  223 294 234 299
760 1  299 298 234 233
761 1  294 299 234 298
762 1  302 235 236 228
763 1  301 300 235 227
764 1  302 301 235 300
765 1  236 302 235 301
766 1  303 236 237 229
767 1  303 302 236 235
768 1  237 303 236 302
769 1  304 303 237 236
770 1  303 237 304 118
771 1  305 238 239 114
772 1  310 304 238 118
773 1  310 238 305 239
774 1  305 310 238 304
775 1  305 239 240 231
776 1  240 305 239 238
777 1  307 240 241 231
778 1  306 305 240 239
779 1  307 306 240 305
780 1  241 307 240 306
781 1  308 241 298 233
782 1  240 241 307 308
783 1  298 308 241 307
784 1  244 243 242 120
785 1  243 242 244 131
786 1  242 244 243 312
787 1  314 245 243 120
788 1  314 243 312 244
789 1  245 243 314 312
790 1  312 244 254 131
791 1  254 312 244 243
792 1  315 246 245 120
793 1  315 245 313 314
794 1  243 314 245 313
795 1  313 315 245 246
796 1  315 247 246 125
797 1  247 246 315 245
798 1  316 249 247 125
799 1  246 315 247 317
800 1  249 247 316 317
801 1  315 317 247 316
802 1  250 248 249 126
803 1  249 250 248 255
804 1  135 248 255 250
805 1  248 249 250 316
806 1  247 316 249 250
807 1  325 255 250 248
808 1  249 316 250 318
809 1  325 250 318 316
810 1  318 325 250 255
811 1  320 251 252 253
812 1  252 251 253 138
813 1  128 251 254 320
814 1  252 320 251 254
815 1  258 252 253 251
816 1  253 258 252 319
817 1  321 252 319 258
818 1  321 320 252 251
819 1  319 321 252 320
820 1  258 253 257 139
821 1  252 253 258 257
822 1  320 312 254 244
823 1  312 254 320 251
824 1  325 256 255 136
825 1  256 255 325 250
826 1  330 260 256 136
827 1  255 325 256 326
828 1  330 256 326 325
829 1  326 330 256 260
830 1  259 258 257 253
831 1  258 257 259 262
832 1  145 262 257 259
833 1  257 259 258 327
834 1  327 319 258 252
835 1  319 258 327 259
836 1  332 259 262 257
837 1  333 327 259 258
838 1  262 332 259 333
839 1  332 333 259 327
840 1  263 261 260 141
841 1  330 263 260 261
842 1  263 260 330 256
843 1  260 263 261 151
844 1  332 262 266 154
845 1  266 332 262 259
846 1  334 264 263 151
847 1  331 263 330 260
848 1  334 263 331 330
849 1  264 263 334 331
850 1  335 268 264 152
851 1  263 334 264 335
852 1  268 264 335 334
853 1  267 266 265 154
854 1  266 265 267 165
855 1  265 267 266 336
856 1  336 332 266 262
857 1  332 266 336 267
858 1  339 267 269 165
859 1  339 336 267 266
860 1  269 339 267 336
861 1  338 273 268 162
862 1  264 335 268 338
863 1  273 268 338 335
864 1  351 269 275 178
865 1  351 339 269 267
866 1  275 351 269 339
867 1  276 270 271 170
868 1  271 276 270 181
869 1  270 271 276 277
870 1  278 277 271 276
871 1  277 271 278 171
872 1  274 272 273 162
873 1  280 272 274 273
874 1  186 272 280 274
875 1  349 274 273 272
876 1  349 273 338 268
877 1  274 273 349 338
878 1  357 280 274 272
879 1  357 274 349 273
880 1  280 274 357 349
881 1  351 275 281 188
882 1  281 351 275 269
883 1  282 276 277 271
884 1  192 276 282 277
885 1  195 277 278 271
886 1  195 282 277 276
887 1  284 279 280 186
888 1  284 283 279 200
889 1  280 284 279 283
890 1  357 284 280 279
891 1  284 280 357 274
892 1  359 281 285 188
893 1  360 351 281 275
894 1  285 359 281 360
895 1  351 281 360 359
896 1  288 283 284 279
897 1  284 288 283 211
898 1  367 288 284 283
899 1  280 357 284 367
900 1  288 284 367 357
901 1  289 285 286 201
902 1  286 289 285 359
903 1  281 285 359 289
904 1  285 286 289 290
905 1  213 290 286 289
906 1  374 287 288 211
907 1  376 291 287 218
908 1  376 287 374 288
909 1  291 287 376 374
910 1  284 367 288 374
911 1  367 374 288 287
912 1  375 289 290 286
913 1  369 359 289 285
914 1  375 369 289 359
915 1  290 375 289 369
916 1  375 290 292 219
917 1  292 375 290 289
918 1  380 295 291 218
919 1  380 291 376 287
920 1  295 291 380 376
921 1  378 292 293 219
922 1  290 292 375 377
923 1  378 377 292 375
924 1  293 378 292 377
925 1  378 293 296 297
926 1  225 297 293 296
927 1  296 378 293 292
928 1  380 294 295 223
929 1  379 299 294 234
930 1  299 294 379 380
931 1  295 380 294 379
932 1  291 380 295 294
933 1  382 296 297 293
934 1  381 378 296 293
935 1  382 381 296 378
936 1  297 382 296 381
937 1  382 297 300 227
938 1  300 382 297 296
939 1  383 298 299 234
940 1  383 308 298 241
941 1  308 298 383 299
942 1  294 379 299 384
943 1  298 299 383 384
944 1  379 384 299 383
945 1  385 300 301 235
946 1  297 300 382 385
947 1  301 385 300 382
948 1  388 301 302 235
949 1  300 301 385 386
950 1  388 386 301 385
951 1  302 388 301 386
952 1  309 302 303 236
953 1  388 302 309 303
954 1  309 388 302 301
955 1  310 303 304 237
956 1  310 309 303 302
957 1  309 303 310 304
958 1  303 304 310 238
959 1  311 305 306 240
960 1  238 305 310 311
961 1  306 311 305 310
962 1  393 306 307 240
963 1  391 311 306 305
964 1  311 306 391 393
965 1  307 393 306 391
966 1  393 307 308 241
967 1  308 393 307 306
968 1  298 383 308 394
969 1  307 308 393 394
970 1  383 394 308 393
971 1  311 309 310 303
972 1  310 311 309 389
973 1  389 388 309 302
974 1  311 389 309 388
975 1  309 310 311 305
976 1  391 389 311 309
977 1  306 391 311 389
978 1  322 314 312 243
979 1  322 312 320 254
980 1  314 312 322 320
981 1  395 313 314 245
982 1  396 315 313 245
983 1  399 313 395 314
984 1  399 396 313 315
985 1  395 399 313 396
986 1  395 314 322 312
987 1  322 395 314 313
988 1  396 317 315 247
989 1  317 315 396 313
990 1  323 316 317 247
991 1  323 318 316 250
992 1  318 316 323 317
993 1  401 323 317 316
994 1  401 317 396 315
995 1  396 401 317 323
996 1  316 323 318 324
997 1  325 318 324 323
998 1  250 318 325 324
999 1  329 321 319 252
1000 1  328 319 327 258
1001 1  329 319 328 327
1002 1  321 319 329 328
1003 1  322 320 321 252
1004 1  321 322 320 312
1005 1  397 322 321 320
1006 1  397 321 329 319
1007 1  329 397 321 322
1008 1  314 322 395 397
1009 1  395 322 397 321
1010 1  402 324 323 318
1011 1  402 323 401 317
1012 1  401 402 323 324
1013 1  326 325 324 318
1014 1  403 326 324 325
1015 1  403 324 402 323
1016 1  326 324 403 402
1017 1  324 326 325 256
1018 1  412 330 326 256
1019 1  412 326 403 324
1020 1  403 412 326 330
1021 1  333 328 327 319
1022 1  328 327 333 259
1023 1  404 329 328 319
1024 1  413 328 333 327
1025 1  413 404 328 329
1026 1  404 328 413 333
1027 1  405 397 329 321
1028 1  405 329 404 328
1029 1  404 405 329 397
1030 1  412 331 330 263
1031 1  331 330 412 326
1032 1  423 334 331 263
1033 1  422 331 412 330
1034 1  423 331 422 412
1035 1  422 423 331 334
1036 1  337 333 332 259
1037 1  337 332 336 266
1038 1  333 332 337 336
1039 1  424 333 337 332
1040 1  328 333 413 424
1041 1  337 424 333 413
1042 1  423 335 334 264
1043 1  335 334 423 331
1044 1  434 338 335 268
1045 1  434 335 423 334
1046 1  423 434 335 338
1047 1  340 337 336 332
1048 1  267 339 336 340
1049 1  337 336 340 339
1050 1  424 337 340 336
1051 1  340 424 337 333
1052 1  350 349 338 273
1053 1  434 350 338 349
1054 1  350 338 434 335
1055 1  435 340 339 336
1056 1  435 339 351 269
1057 1  351 435 339 340
1058 1  436 424 340 337
1059 1  436 340 435 339
1060 1  424 340 436 435
1061 1  352 341 342 343
1062 1  345 343 341 342
1063 1  354 344 341 345
1064 1  343 341 345 344
1065 1  354 341 352 342
1066 1  352 354 341 344
1067 1  427 342 343 341
1068 1  341 342 352 353
1069 1  439 353 342 352
1070 1  343 427 342 439
1071 1  353 342 439 427
1072 1  429 343 345 341
1073 1  428 427 343 342
1074 1  429 428 343 427
1075 1  345 429 343 428
1076 1  346 345 344 341
1077 1  355 346 344 345
1078 1  355 344 354 341
1079 1  346 344 355 354
1080 1  344 346 345 347
1081 1  429 345 347 346
1082 1  347 429 345 343
1083 1  348 347 346 345
1084 1  356 348 346 347
1085 1  356 346 355 344
1086 1  355 356 346 348
1087 1  431 347 348 346
1088 1  345 347 429 430
1089 1  431 430 347 429
1090 1  348 431 347 430
1091 1  440 348 356 346
1092 1  432 431 348 347
1093 1  440 432 348 431
1094 1  356 440 348 432
1095 1  358 349 350 338
1096 1  274 349 357 358
1097 1  350 358 349 357
1098 1  452 358 350 349
1099 1  338 434 350 443
1100 1  452 350 443 434
1101 1  443 452 350 358
1102 1  444 351 360 281
1103 1  339 351 435 444
1104 1  360 444 351 435
1105 1  363 352 353 342
1106 1  362 354 352 341
1107 1  354 352 362 363
1108 1  362 352 363 353
1109 1  448 363 353 352
1110 1  342 439 353 447
1111 1  448 353 447 439
1112 1  363 353 448 447
1113 1  364 355 354 344
1114 1  364 354 362 352
1115 1  355 354 364 362
1116 1  365 356 355 346
1117 1  354 364 355 365
1118 1  356 355 365 364
1119 1  355 365 356 449
1120 1  348 356 440 449
1121 1  440 356 449 365
1122 1  367 357 358 349
1123 1  284 357 367 358
1124 1  357 358 367 368
1125 1  452 368 358 367
1126 1  368 358 452 350
1127 1  361 360 359 281
1128 1  369 361 359 360
1129 1  361 359 369 289
1130 1  444 360 361 359
1131 1  361 444 360 351
1132 1  359 369 361 370
1133 1  461 361 370 369
1134 1  360 361 444 453
1135 1  461 453 361 444
1136 1  370 461 361 453
1137 1  371 362 363 352
1138 1  372 364 362 354
1139 1  372 362 371 363
1140 1  371 372 362 364
1141 1  456 371 363 362
1142 1  353 448 363 456
1143 1  371 363 456 448
1144 1  373 365 364 355
1145 1  373 364 372 362
1146 1  365 364 373 372
1147 1  449 365 366 373
1148 1  366 365 373 364
1149 1  366 449 365 356
1150 1  467 366 373 365
1151 1  457 449 366 365
1152 1  468 457 366 449
1153 1  373 467 366 468
1154 1  457 366 468 467
1155 1  374 367 368 358
1156 1  288 367 374 368
1157 1  471 374 368 367
1158 1  358 452 368 460
1159 1  471 368 460 452
1160 1  460 471 368 374
1161 1  375 370 369 361
1162 1  289 375 369 370
1163 1  377 370 375 369
1164 1  375 377 370 472
1165 1  472 461 370 361
1166 1  377 472 370 461
1167 1  465 372 371 362
1168 1  363 456 371 464
1169 1  456 464 371 465
1170 1  372 371 465 464
1171 1  466 373 372 364
1172 1  371 465 372 466
1173 1  373 372 466 465
1174 1  372 466 373 467
1175 1  366 373 467 466
1176 1  471 376 374 287
1177 1  376 374 471 368
1178 1  370 375 377 292
1179 1  482 380 376 291
1180 1  374 471 376 482
1181 1  380 376 482 471
1182 1  483 377 378 292
1183 1  483 472 377 370
1184 1  378 483 377 472
1185 1  483 378 381 296
1186 1  381 483 378 377
1187 1  491 379 380 294
1188 1  491 384 379 299
1189 1  384 379 491 380
1190 1  376 482 380 491
1191 1  379 380 491 482
1192 1  492 381 382 296
1193 1  484 483 381 378
1194 1  483 381 484 492
1195 1  382 492 381 484
1196 1  492 382 385 300
1197 1  385 492 382 381
1198 1  498 383 384 299
1199 1  498 394 383 308
1200 1  394 383 498 384
1201 1  491 490 384 498
1202 1  379 491 384 490
1203 1  383 384 498 490
1204 1  493 385 386 301
1205 1  493 492 385 382
1206 1  386 493 385 492
1207 1  494 386 387 388
1208 1  387 386 388 301
1209 1  494 493 386 385
1210 1  387 494 386 493
1211 1  389 387 388 386
1212 1  388 389 387 390
1213 1  495 387 390 389
1214 1  495 494 387 386
1215 1  390 495 387 494
1216 1  309 389 388 387
1217 1  391 390 389 387
1218 1  311 391 389 390
1219 1  389 391 390 392
1220 1  496 390 392 391
1221 1  496 495 390 387
1222 1  392 496 390 495
1223 1  393 392 391 390
1224 1  306 393 391 392
1225 1  394 392 393 391
1226 1  393 394 392 497
1227 1  497 496 392 390
1228 1  394 497 392 496
1229 1  392 393 394 308
1230 1  498 497 394 392
1231 1  383 498 394 497
1232 1  398 395 397 322
1233 1  399 395 398 397
1234 1  313 395 399 398
1235 1  400 396 399 313
1236 1  401 396 400 399
1237 1  400 401 396 317
1238 1  405 398 397 395
1239 1  398 397 405 329
1240 1  407 399 398 395
1241 1  397 405 398 406
1242 1  407 398 406 405
1243 1  406 407 398 399
1244 1  407 400 399 396
1245 1  400 399 407 398
1246 1  409 401 400 396
1247 1  408 400 407 399
1248 1  409 400 408 407
1249 1  408 409 400 401
1250 1  409 402 401 323
1251 1  402 401 409 400
1252 1  410 403 402 324
1253 1  410 402 409 401
1254 1  403 402 410 409
1255 1  402 410 403 411
1256 1  412 403 411 410
1257 1  411 412 403 326
1258 1  415 405 404 329
1259 1  328 413 404 414
1260 1  415 404 414 413
1261 1  414 415 404 405
1262 1  415 406 405 398
1263 1  406 405 415 404
1264 1  417 407 406 398
1265 1  416 406 415 405
1266 1  417 406 416 415
1267 1  416 417 406 407
1268 1  417 408 407 400
1269 1  408 407 417 406
1270 1  419 409 408 400
1271 1  418 408 417 407
1272 1  419 408 418 417
1273 1  418 419 408 409
1274 1  419 410 409 402
1275 1  410 409 419 408
1276 1  420 411 410 403
1277 1  409 419 410 420
1278 1  411 410 420 419
1279 1  422 412 411 403
1280 1  410 420 411 421
1281 1  422 411 421 420
1282 1  412 411 422 421
1283 1  331 412 422 411
1284 1  425 414 413 404
1285 1  425 413 424 333
1286 1  424 425 413 414
1287 1  426 415 414 404
1288 1  438 414 425 413
1289 1  438 426 414 415
1290 1  425 438 414 426
1291 1  426 416 415 406
1292 1  416 415 426 414
1293 1  428 417 416 406
1294 1  427 416 426 415
1295 1  428 416 427 426
1296 1  427 428 416 417
1297 1  428 418 417 408
1298 1  418 417 428 416
1299 1  430 419 418 408
1300 1  417 428 418 429
1301 1  430 418 429 428
1302 1  429 430 418 419
1303 1  430 420 419 410
1304 1  420 419 430 418
1305 1  431 421 420 411
1306 1  419 430 420 431
1307 1  421 420 431 430
1308 1  433 422 421 411
1309 1  420 431 421 432
1310 1  433 421 432 431
1311 1  422 421 433 432
1312 1  433 423 422 331
1313 1  423 422 433 421
1314 1  442 423 433 422
1315 1  335 423 434 442
1316 1  433 442 423 434
1317 1  436 425 424 413
1318 1  425 424 436 340
1319 1  424 436 425 437
1320 1  438 425 437 436
1321 1  437 438 425 414
1322 1  439 427 426 416
1323 1  439 426 438 414
1324 1  438 439 426 427
1325 1  343 428 427 416
1326 1  342 427 439 426
1327 1  343 429 428 418
1328 1  347 430 429 418
1329 1  347 431 430 420
1330 1  348 432 431 421
1331 1  441 433 432 421
1332 1  348 440 432 441
1333 1  433 432 441 440
1334 1  442 433 441 432
1335 1  423 433 442 441
1336 1  443 434 442 423
1337 1  350 434 443 442
1338 1  445 436 435 340
1339 1  445 435 444 351
1340 1  436 435 445 444
1341 1  445 437 436 425
1342 1  437 436 445 435
1343 1  447 438 437 425
1344 1  446 437 445 436
1345 1  447 437 446 445
1346 1  446 447 437 438
1347 1  447 439 438 426
1348 1  439 438 447 437
1349 1  438 447 439 353
1350 1  451 441 440 432
1351 1  450 440 449 356
1352 1  451 440 450 449
1353 1  450 451 440 441
1354 1  451 442 441 433
1355 1  442 441 451 440
1356 1  451 443 442 434
1357 1  443 442 451 441
1358 1  459 443 451 442
1359 1  350 443 452 459
1360 1  451 459 443 452
1361 1  453 445 444 435
1362 1  361 453 444 445
1363 1  453 446 445 437
1364 1  446 445 453 444
1365 1  455 447 446 437
1366 1  454 446 453 445
1367 1  455 446 454 453
1368 1  454 455 446 447
1369 1  455 448 447 353
1370 1  448 447 455 446
1371 1  463 448 455 447
1372 1  363 448 456 463
1373 1  455 463 448 456
1374 1  457 450 449 440
1375 1  450 449 457 366
1376 1  459 451 450 440
1377 1  449 457 450 458
1378 1  459 450 458 457
1379 1  458 459 450 451
1380 1  443 451 459 450
1381 1  460 452 459 443
1382 1  368 452 460 459
1383 1  461 454 453 446
1384 1  454 453 461 361
1385 1  463 455 454 446
1386 1  462 454 461 453
1387 1  463 454 462 461
1388 1  455 454 463 462
1389 1  448 455 463 454
1390 1  474 456 463 448
1391 1  371 456 464 474
1392 1  463 474 456 464
1393 1  469 458 457 450
1394 1  469 457 468 366
1395 1  468 469 457 458
1396 1  460 459 458 450
1397 1  470 460 458 459
1398 1  470 458 469 457
1399 1  460 458 470 469
1400 1  458 460 459 452
1401 1  458 470 460 471
1402 1  368 460 471 470
1403 1  472 462 461 454
1404 1  462 461 472 370
1405 1  474 463 462 454
1406 1  461 472 462 473
1407 1  474 462 473 472
1408 1  473 474 462 463
1409 1  456 463 474 462
1410 1  476 465 464 371
1411 1  475 464 474 456
1412 1  476 464 475 474
1413 1  465 464 476 475
1414 1  477 466 465 372
1415 1  477 465 476 464
1416 1  476 477 465 466
1417 1  478 467 466 373
1418 1  478 466 477 465
1419 1  477 478 466 467
1420 1  479 468 467 366
1421 1  479 467 478 466
1422 1  478 479 467 468
1423 1  480 469 468 457
1424 1  480 468 479 467
1425 1  479 480 468 469
1426 1  481 470 469 458
1427 1  481 469 480 468
1428 1  480 481 469 470
1429 1  482 471 470 460
1430 1  482 470 481 469
1431 1  481 482 470 471
1432 1  376 471 482 470
1433 1  483 473 472 462
1434 1  377 483 472 473
1435 1  475 474 473 462
1436 1  484 475 473 474
1437 1  484 473 483 472
1438 1  475 473 484 483
1439 1  473 475 474 464
1440 1  485 476 475 464
1441 1  473 484 475 485
1442 1  476 475 485 484
1443 1  486 477 476 465
1444 1  475 485 476 486
1445 1  477 476 486 485
1446 1  487 478 477 466
1447 1  487 477 486 476
1448 1  478 477 487 486
1449 1  488 479 478 467
1450 1  488 478 487 477
1451 1  479 478 488 487
1452 1  489 480 479 468
1453 1  478 488 479 489
1454 1  480 479 489 488
1455 1  490 481 480 469
1456 1  479 489 480 490
1457 1  481 480 490 489
1458 1  491 482 481 470
1459 1  480 490 481 491
1460 1  482 481 491 490
1461 1  380 482 491 481
1462 1  381 484 483 473
1463 1  492 485 484 475
1464 1  485 484 492 381
1465 1  494 486 485 476
1466 1  484 492 485 493
1467 1  494 485 493 492
1468 1  493 494 485 486
1469 1  495 487 486 477
1470 1  495 486 494 485
1471 1  494 495 486 487
1472 1  496 488 487 478
1473 1  496 487 495 486
1474 1  495 496 487 488
1475 1  497 489 488 479
1476 1  497 488 496 487
1477 1  496 497 488 489
1478 1  498 490 489 480
1479 1  498 489 497 488
1480 1  497 498 489 490
1481 1  384 491 490 481
1482 1  384 490 498 489
1483 1  385 493 492 485
1484 1  386 494 493 485
1485 1  387 495 494 486
1486 1  390 496 495 487
1487 1  392 497 496 488
1488 1  394 498 497 489
