 498
 1488
 992
 1488

Atoms

1 1 1  -0.431356 -2.908121 -1.263923
2 1 1  -0.472569 -3.425555 -0.991732
3 1 1  -0.893876 -3.103308 -1.158350
4 1 1  0.489412 -2.982167 -1.244219
5 1 1  0.005728 -3.235144 -1.155196
6 1 1  0.906870 -3.221730 -1.083468
7 1 1  0.460867 -3.472818 -0.947661
8 1 1  1.002486 -3.544772 -0.721107
9 1 1  -1.393923 -2.229318 -1.278018
10 1 1  -1.860337 -2.532393 -1.201124
11 1 1  -2.321910 -2.252536 -1.155282
12 1 1  -0.908358 -2.561207 -1.282849
13 1 1  -1.384547 -2.781190 -1.215715
14 1 1  0.048359 -2.678316 -1.281520
15 1 1  0.589517 -2.475624 -1.267683
16 1 1  1.074283 -2.777722 -1.255684
17 1 1  1.139332 -2.295397 -1.270274
18 1 1  1.413845 -3.158892 -0.989072
19 1 1  1.635328 -2.693022 -1.197367
20 1 1  2.220337 -2.710173 -0.947348
21 1 1  2.539611 -2.197695 -1.074889
22 1 1  -2.371373 -1.696265 -1.268356
23 1 1  -2.791912 -1.979000 -1.023751
24 1 1  -2.876499 -1.450699 -1.162611
25 1 1  -1.874341 -1.957997 -1.282694
26 1 1  -1.398213 -1.673618 -1.170812
27 1 1  -0.911674 -2.016198 -1.182121
28 1 1  -0.423243 -2.350977 -1.235507
29 1 1  0.095306 -2.167458 -1.166715
30 1 1  0.631829 -1.987195 -1.134408
31 1 1  1.138502 -1.774188 -1.143429
32 1 1  1.611896 -2.091792 -1.279010
33 1 1  2.041146 -2.343182 -1.215427
34 1 1  2.696473 -1.655457 -1.191280
35 1 1  2.974356 -2.060158 -0.814437
36 1 1  3.219215 -1.612261 -0.837325
37 1 1  -2.408447 -1.145894 -1.280863
38 1 1  -2.931075 -0.914464 -1.228943
39 1 1  -1.936204 -0.868237 -1.148822
40 1 1  -1.884084 -1.398403 -1.224143
41 1 1  1.656181 -1.561587 -1.203232
42 1 1  1.659512 -1.048743 -1.083204
43 1 1  2.159394 -1.827760 -1.279278
44 1 1  2.609243 -1.035130 -1.280901
45 1 1  3.026291 -1.234459 -1.135866
46 1 1  -2.945927 -0.347240 -1.258389
47 1 1  -3.367236 -0.659889 -1.015826
48 1 1  -3.389306 -0.115070 -1.049464
49 1 1  -2.451855 -0.592931 -1.264067
50 1 1  -2.039857 -0.287988 -1.124263
51 1 1  2.173628 -1.315418 -1.267000
52 1 1  2.531692 -0.496032 -1.272595
53 1 1  2.883401 -0.151926 -1.272778
54 1 1  3.095497 -0.677621 -1.189146
55 1 1  -3.006888 0.244259 -1.245673
56 1 1  -3.454138 0.445034 -0.968216
57 1 1  -2.524187 0.006761 -1.264360
58 1 1  -2.076138 0.246385 -1.136589
59 1 1  2.916948 0.394329 -1.263225
60 1 1  2.432600 0.114790 -1.246745
61 1 1  3.310933 -0.112942 -1.107369
62 1 1  3.544609 -0.521880 -0.859040
63 1 1  3.661980 0.059352 -0.753138
64 1 1  -3.111115 0.800156 -1.167526
65 1 1  -3.523377 0.956402 -0.769798
66 1 1  -2.577222 0.612768 -1.279641
67 1 1  -2.073952 0.729996 -1.177190
68 1 1  2.960624 0.945670 -1.215219
69 1 1  2.435996 0.670578 -1.264751
70 1 1  3.379477 0.916516 -0.949409
71 1 1  3.351878 0.425700 -1.059349
72 1 1  -3.219733 1.333515 -0.965990
73 1 1  -2.762127 1.185557 -1.248694
74 1 1  -2.283163 1.187625 -1.271803
75 1 1  -1.951234 1.641089 -1.268404
76 1 1  -1.732842 1.123085 -1.126247
77 1 1  -1.440035 1.553980 -1.147532
78 1 1  2.256427 1.617471 -1.282355
79 1 1  1.950691 1.055013 -1.183842
80 1 1  1.759671 1.614740 -1.235381
81 1 1  2.465432 1.160317 -1.282951
82 1 1  2.815845 1.535514 -1.170235
83 1 1  -2.455788 1.734144 -1.248546
84 1 1  -2.879923 1.719312 -1.078186
85 1 1  -2.181111 2.190172 -1.221642
86 1 1  -1.632036 2.083825 -1.279487
87 1 1  -0.994547 1.441259 -0.985334
88 1 1  -1.099028 1.993135 -1.203162
89 1 1  1.458472 2.147789 -1.274594
90 1 1  1.252066 1.660164 -1.132067
91 1 1  0.877037 1.955559 -1.156925
92 1 1  2.025073 2.126117 -1.264621
93 1 1  2.581056 2.043911 -1.120846
94 1 1  3.047597 1.930616 -0.828102
95 1 1  -2.685004 2.241469 -0.953313
96 1 1  -2.261032 2.657709 -0.961629
97 1 1  -1.765298 2.596229 -1.202331
98 1 1  -1.227410 2.510777 -1.281581
99 1 1  -0.455178 2.859684 -1.271568
100 1 1  -0.658163 2.381317 -1.254347
101 1 1  -0.055258 2.567698 -1.271099
102 1 1  0.402862 2.290681 -1.218298
103 1 1  0.460092 2.834953 -1.274783
104 1 1  0.917986 2.447671 -1.276585
105 1 1  1.365194 2.686683 -1.246561
106 1 1  1.850303 2.620971 -1.169657
107 1 1  2.365272 2.522442 -0.991787
108 1 1  2.807845 2.402064 -0.703341
109 1 1  -1.882211 3.041249 -0.866587
110 1 1  -1.445267 3.040622 -1.068706
111 1 1  -0.955436 2.943198 -1.220354
112 1 1  -0.574050 3.318211 -1.068117
113 1 1  0.013584 3.121413 -1.209895
114 1 1  0.488885 3.375995 -1.033030
115 1 1  0.937144 3.006704 -1.198048
116 1 1  1.531116 3.110131 -0.983683
117 1 1  2.077373 2.962088 -0.814758
118 1 1  -0.094883 3.511103 -0.938269
119 1 1  -0.476007 -3.756703 -0.534738
120 1 1  -0.506863 -3.876954 -0.002584
121 1 1  -0.955157 -3.533411 -0.756371
122 1 1  -0.002063 -3.654557 -0.764559
123 1 1  0.008296 -3.880370 -0.261837
124 1 1  0.512318 -3.764599 -0.506855
125 1 1  0.500954 -3.877686 0.009244
126 1 1  1.027158 -3.742803 -0.258213
127 1 1  -1.789448 -3.049527 -0.913242
128 1 1  -2.029188 -3.222825 -0.485513
129 1 1  -2.225136 -2.783594 -0.881808
130 1 1  -1.335366 -3.245857 -0.940932
131 1 1  -1.518524 -3.475050 -0.522480
132 1 1  1.892585 -3.093231 -0.803658
133 1 1  1.506020 -3.464507 -0.553927
134 1 1  2.357279 -2.991458 -0.485083
135 1 1  1.977003 -3.332383 -0.285923
136 1 1  2.376374 -3.101555 0.078723
137 1 1  -2.645011 -2.487564 -0.797385
138 1 1  -2.478072 -2.921514 -0.428368
139 1 1  -2.884891 -2.577322 -0.310150
140 1 1  2.686174 -2.558377 -0.679895
141 1 1  2.737334 -2.777200 -0.155815
142 1 1  3.065214 -2.349346 -0.333617
143 1 1  -3.222167 -1.700038 -0.780678
144 1 1  -3.053811 -2.198046 -0.584397
145 1 1  -3.342296 -1.957649 -0.291097
146 1 1  -0.917047 -1.509246 -0.992481
147 1 1  -0.410118 -1.850950 -1.053166
148 1 1  0.127777 -1.700667 -0.963285
149 1 1  0.651204 -1.507127 -0.932195
150 1 1  3.346702 -1.908486 -0.364790
151 1 1  3.279561 -2.102982 0.180433
152 1 1  3.537938 -1.652097 0.110641
153 1 1  -3.331573 -1.212107 -0.902778
154 1 1  -3.557686 -1.473145 -0.371120
155 1 1  -1.408749 -1.129923 -1.011446
156 1 1  -0.824099 -1.058427 -0.784795
157 1 1  -0.365353 -1.390998 -0.831883
158 1 1  0.164115 -1.232655 -0.738232
159 1 1  0.696467 -1.028517 -0.737582
160 1 1  1.169109 -1.283422 -0.978108
161 1 1  3.561770 -1.412054 -0.426934
162 1 1  3.728080 -1.173218 0.061386
163 1 1  -3.711710 -0.405551 -0.638244
164 1 1  -3.642370 -0.925863 -0.592989
165 1 1  -3.865733 -0.514323 -0.153345
166 1 1  -1.595069 -0.519955 -0.949756
167 1 1  -1.175171 -0.696257 -0.796651
168 1 1  -0.727632 -0.512773 -0.586390
169 1 1  -0.310428 -0.902124 -0.611415
170 1 1  0.219238 -0.752825 -0.547750
171 1 1  0.754361 -0.529150 -0.598497
172 1 1  1.203547 -0.776642 -0.829040
173 1 1  1.653929 -0.495641 -0.973527
174 1 1  2.095628 -0.765338 -1.188388
175 1 1  3.422973 -1.058045 -0.859124
176 1 1  3.720634 -0.880536 -0.448316
177 1 1  -3.718401 0.085463 -0.663399
178 1 1  -3.896412 0.020642 -0.176740
179 1 1  -1.595938 0.049967 -0.910022
180 1 1  -1.170959 -0.149561 -0.709039
181 1 1  -0.704366 0.037009 -0.521605
182 1 1  1.237185 -0.229413 -0.745158
183 1 1  1.197010 0.352992 -0.740315
184 1 1  1.638548 0.092517 -0.931881
185 1 1  2.061273 -0.185160 -1.128118
186 1 1  3.822125 -0.313654 -0.417276
187 1 1  -3.768875 0.553768 -0.483358
188 1 1  -3.866475 0.581014 0.011572
189 1 1  -1.592295 0.564851 -0.955531
190 1 1  -1.103440 0.419179 -0.708983
191 1 1  -0.797217 0.905870 -0.721096
192 1 1  -0.510153 0.553553 -0.537063
193 1 1  -0.181457 1.038552 -0.653052
194 1 1  1.039108 0.909319 -0.803855
195 1 1  0.707535 0.536841 -0.585632
196 1 1  0.477495 0.964554 -0.662554
197 1 1  1.558843 0.684768 -0.961905
198 1 1  1.997565 0.445367 -1.118737
199 1 1  3.603894 1.167973 -0.531081
200 1 1  3.684719 0.611305 -0.635986
201 1 1  -3.728131 1.072295 -0.266689
202 1 1  -3.156114 1.897161 -0.723213
203 1 1  -3.482581 1.498767 -0.524583
204 1 1  -1.267270 0.980974 -0.912914
205 1 1  -0.539015 1.337768 -0.833897
206 1 1  -0.135147 1.614653 -0.921635
207 1 1  0.257458 1.339231 -0.795587
208 1 1  0.816530 1.398084 -0.921022
209 1 1  1.416434 1.195077 -1.033602
210 1 1  3.238114 1.408982 -0.918050
211 1 1  3.666882 1.355271 -0.038093
212 1 1  -2.997087 2.344020 -0.493975
213 1 1  -3.345634 1.982481 -0.220879
214 1 1  -0.617491 1.854746 -1.079567
215 1 1  -0.133954 2.093231 -1.139288
216 1 1  0.386965 1.798845 -1.027444
217 1 1  3.420029 1.680335 -0.480503
218 1 1  3.447125 1.844776 0.022934
219 1 1  -3.101006 2.374566 0.098754
220 1 1  -2.586216 2.723603 -0.597484
221 1 1  -2.812328 2.705211 -0.133672
222 1 1  2.511577 2.844509 -0.517382
223 1 1  2.886509 2.615760 -0.183575
224 1 1  3.185900 2.179059 -0.341073
225 1 1  -2.447815 3.045914 -0.073707
226 1 1  -2.182558 3.107418 -0.511358
227 1 1  -1.948759 3.384137 -0.105671
228 1 1  -1.615698 3.413050 -0.557047
229 1 1  -1.134146 3.391993 -0.866559
230 1 1  1.059612 3.367857 -0.918912
231 1 1  1.363997 3.531845 -0.536145
232 1 1  1.799860 3.315778 -0.564036
233 1 1  2.178931 3.212308 -0.256462
234 1 1  2.537292 2.973178 0.054626
235 1 1  -1.469248 3.623364 0.009929
236 1 1  -1.129224 3.680244 -0.374343
237 1 1  -0.685258 3.636218 -0.695178
238 1 1  0.291984 3.732652 -0.619673
239 1 1  0.789812 3.665802 -0.608773
240 1 1  1.086706 3.743893 -0.163374
241 1 1  1.687329 3.525495 -0.058453
242 1 1  -0.978135 -3.744948 -0.302208
243 1 1  -0.973155 -3.754147 0.271207
244 1 1  -1.395390 -3.651231 -0.051749
245 1 1  -0.518108 -3.742498 0.552872
246 1 1  -0.031860 -3.875917 0.280395
247 1 1  0.436455 -3.765980 0.525040
248 1 1  1.515150 -3.603178 -0.051900
249 1 1  0.984075 -3.756953 0.246680
250 1 1  1.439483 -3.543441 0.445051
251 1 1  -2.299079 -3.161908 0.035642
252 1 1  -2.394462 -2.932953 0.535803
253 1 1  -2.712673 -2.810703 0.092664
254 1 1  -1.855897 -3.441229 -0.019862
255 1 1  1.940170 -3.360120 0.263368
256 1 1  2.252810 -2.988606 0.622380
257 1 1  -3.134709 -2.333564 0.068552
258 1 1  -2.825374 -2.543766 0.501168
259 1 1  -3.149500 -2.072294 0.569427
260 1 1  2.661489 -2.746512 0.445456
261 1 1  2.998613 -2.480705 0.205440
262 1 1  -3.443105 -1.830948 0.154351
263 1 1  2.919804 -2.260076 0.707746
264 1 1  3.269896 -1.817630 0.625051
265 1 1  -3.762066 -1.039203 -0.127127
266 1 1  -3.632671 -1.377405 0.240302
267 1 1  -3.771843 -0.815745 0.343718
268 1 1  3.503424 -1.353639 0.597519
269 1 1  -3.839424 -0.308681 0.367371
270 1 1  -0.241931 -0.378473 -0.453596
271 1 1  0.285964 -0.259349 -0.441182
272 1 1  3.855103 -0.652369 0.008221
273 1 1  3.685597 -0.879570 0.529612
274 1 1  3.799173 -0.394755 0.458021
275 1 1  -3.855399 0.150528 0.346115
276 1 1  -0.183386 0.135619 -0.418029
277 1 1  0.330955 0.234365 -0.444864
278 1 1  0.803937 -0.006455 -0.554718
279 1 1  3.865936 0.269971 -0.283260
280 1 1  3.906389 -0.073937 0.081279
281 1 1  -3.730314 0.563843 0.564237
282 1 1  0.070729 0.650174 -0.505841
283 1 1  3.813081 0.824683 -0.141953
284 1 1  3.854350 0.457207 0.257392
285 1 1  -3.730867 1.053325 0.277648
286 1 1  -3.591770 1.544836 0.010099
287 1 1  3.521708 1.462092 0.474122
288 1 1  3.719553 0.971312 0.390476
289 1 1  -3.484274 1.483871 0.533994
290 1 1  -3.330567 1.955311 0.333186
291 1 1  3.273028 1.919092 0.518473
292 1 1  -2.952224 2.301247 0.621288
293 1 1  -2.696277 2.742925 0.384613
294 1 1  2.814632 2.619795 0.387773
295 1 1  3.141032 2.295861 0.211560
296 1 1  -2.334674 2.847277 0.723752
297 1 1  -2.207254 3.163670 0.348708
298 1 1  2.064352 3.283833 0.268748
299 1 1  2.353780 2.947434 0.565714
300 1 1  -1.729696 3.414276 0.437804
301 1 1  -1.211703 3.574257 0.561404
302 1 1  -0.942836 3.779083 0.186585
303 1 1  -0.607152 3.848908 -0.176440
304 1 1  -0.230704 3.780550 -0.532927
305 1 1  0.536326 3.864927 -0.135965
306 1 1  0.763788 3.785246 0.335195
307 1 1  1.291598 3.657985 0.266508
308 1 1  1.617827 3.417004 0.547722
309 1 1  -0.351156 3.854455 0.302827
310 1 1  0.000177 3.904540 -0.111835
311 1 1  0.220694 3.845460 0.367456
312 1 1  -1.482478 -3.525990 0.444277
313 1 1  -0.544585 -3.406426 0.999383
314 1 1  -1.021795 -3.513705 0.757782
315 1 1  -0.050533 -3.632518 0.794815
316 1 1  0.885602 -3.575514 0.721473
317 1 1  0.420059 -3.435811 0.988580
318 1 1  1.305926 -3.321966 0.875074
319 1 1  -2.406931 -2.573009 0.926727
320 1 1  -1.956122 -3.262159 0.496705
321 1 1  -1.971717 -2.917035 0.929284
322 1 1  -1.512767 -3.226021 0.882465
323 1 1  0.889383 -3.164142 1.124453
324 1 1  1.454423 -2.916204 1.141622
325 1 1  1.796585 -3.187617 0.758093
326 1 1  1.979987 -2.745260 1.054621
327 1 1  -2.784475 -2.200599 0.898526
328 1 1  -2.384755 -2.059273 1.197419
329 1 1  -1.955743 -2.427988 1.211378
330 1 1  2.471956 -2.515937 0.922639
331 1 1  2.527561 -2.012411 1.157529
332 1 1  -3.341950 -1.620600 0.672237
333 1 1  -2.883560 -1.736910 1.068943
334 1 1  2.917737 -1.793628 1.021332
335 1 1  3.138678 -1.351294 1.027947
336 1 1  -3.528772 -1.073879 0.713703
337 1 1  -3.166111 -1.303543 1.022251
338 1 1  3.371478 -0.881678 0.966077
339 1 1  -3.583521 -0.519945 0.810667
340 1 1  -3.201809 -0.793257 1.116781
341 1 1  -0.293371 -0.365740 0.457877
342 1 1  -0.795230 -0.487766 0.603000
343 1 1  -0.352366 -0.873524 0.606573
344 1 1  0.214911 -0.234717 0.429868
345 1 1  0.178415 -0.720476 0.533588
346 1 1  0.694732 -0.410064 0.555684
347 1 1  0.668167 -0.919379 0.689148
348 1 1  1.159534 -0.581191 0.763514
349 1 1  3.537082 -0.387401 0.888102
350 1 1  3.122209 -0.379870 1.199862
351 1 1  -3.595338 0.026861 0.843495
352 1 1  -0.627248 0.055378 0.498728
353 1 1  -1.148473 -0.075174 0.695621
354 1 1  -0.077378 0.172182 0.414075
355 1 1  0.544165 0.141516 0.480281
356 1 1  1.067095 -0.027971 0.658738
357 1 1  3.737827 0.096297 0.628801
358 1 1  3.389385 0.123631 1.049163
359 1 1  -3.500695 0.987469 0.788752
360 1 1  -3.418948 0.519145 0.991631
361 1 1  -3.032348 0.853172 1.197690
362 1 1  -0.343617 0.590949 0.514810
363 1 1  -0.869879 0.488482 0.629193
364 1 1  0.249895 0.594413 0.503123
365 1 1  0.838544 0.522038 0.625115
366 1 1  1.092668 0.918807 0.826711
367 1 1  3.600662 0.590819 0.772723
368 1 1  3.193590 0.646984 1.141775
369 1 1  -3.205813 1.317881 0.984143
370 1 1  -2.804285 1.449545 1.194748
371 1 1  -0.611730 1.013877 0.710714
372 1 1  -0.046708 1.041927 0.648231
373 1 1  0.533537 1.003720 0.689228
374 1 1  3.405607 1.094727 0.865792
375 1 1  -3.116760 1.823600 0.823723
376 1 1  3.157427 1.597684 0.910145
377 1 1  -2.689336 1.977527 1.089771
378 1 1  -2.546217 2.439525 0.923555
379 1 1  2.579021 2.534594 0.817313
380 1 1  2.922521 2.148064 0.802651
381 1 1  -2.030045 2.596329 1.118656
382 1 1  -1.878620 3.065290 0.843874
383 1 1  1.894315 3.078323 0.819268
384 1 1  2.130873 2.652384 1.040471
385 1 1  -1.411181 3.241831 0.913398
386 1 1  -0.878318 3.333875 1.001241
387 1 1  -0.350054 3.313600 1.094093
388 1 1  -0.646080 3.654085 0.677897
389 1 1  -0.081912 3.647414 0.773397
390 1 1  0.211189 3.284098 1.121791
391 1 1  0.493284 3.603145 0.789515
392 1 1  0.783536 3.230509 1.099622
393 1 1  1.054807 3.522146 0.731956
394 1 1  1.359164 3.173723 0.996795
395 1 1  -1.030870 -3.109282 1.131339
396 1 1  -0.058113 -3.211077 1.167957
397 1 1  -1.500812 -2.773213 1.196299
398 1 1  -0.995919 -2.576351 1.282772
399 1 1  -0.532295 -2.913934 1.259315
400 1 1  -0.028099 -2.667414 1.280901
401 1 1  0.434082 -2.942589 1.256553
402 1 1  0.982521 -2.676942 1.277178
403 1 1  1.528473 -2.430189 1.274947
404 1 1  -1.890080 -1.864844 1.280102
405 1 1  -1.450077 -2.223898 1.280075
406 1 1  -0.947449 -2.025093 1.189994
407 1 1  -0.490084 -2.358370 1.240490
408 1 1  0.032532 -2.145803 1.157993
409 1 1  0.507936 -2.414070 1.253605
410 1 1  1.047259 -2.154829 1.237299
411 1 1  1.579849 -1.901321 1.254647
412 1 1  2.048546 -2.243379 1.239460
413 1 1  -2.367460 -1.533566 1.279912
414 1 1  -1.843493 -1.315233 1.199488
415 1 1  -1.393317 -1.670531 1.168817
416 1 1  -0.901372 -1.507035 0.987698
417 1 1  -0.440111 -1.844950 1.053565
418 1 1  0.081044 -1.661162 0.942651
419 1 1  0.563669 -1.909582 1.095317
420 1 1  1.085890 -1.650001 1.088499
421 1 1  1.579519 -1.383125 1.140070
422 1 1  2.098322 -1.683318 1.282019
423 1 1  2.587339 -1.383125 1.265053
424 1 1  -2.747259 -1.168158 1.253968
425 1 1  -2.251296 -0.957828 1.249261
426 1 1  -1.352090 -1.142288 0.994398
427 1 1  -0.865163 -1.001599 0.776182
428 1 1  -0.396135 -1.356707 0.819728
429 1 1  0.134124 -1.189867 0.716806
430 1 1  0.608522 -1.422200 0.885453
431 1 1  1.106709 -1.140852 0.906441
432 1 1  1.548458 -0.848027 0.992221
433 1 1  2.043860 -1.157324 1.224820
434 1 1  2.896060 -0.885866 1.242318
435 1 1  -3.211366 -0.270583 1.161980
436 1 1  -2.712946 -0.616415 1.282141
437 1 1  -2.170844 -0.416095 1.181289
438 1 1  -1.757848 -0.757909 1.061508
439 1 1  -1.289003 -0.604123 0.824713
440 1 1  1.563147 -0.209013 0.900325
441 1 1  1.926707 -0.614637 1.108638
442 1 1  2.405290 -0.784878 1.265334
443 1 1  2.616542 -0.308736 1.278495
444 1 1  -3.110382 0.236533 1.210704
445 1 1  -2.679572 -0.104097 1.281654
446 1 1  -2.200901 0.094999 1.178700
447 1 1  -1.667782 -0.195690 0.950513
448 1 1  -1.346526 0.368427 0.811262
449 1 1  1.355380 0.369671 0.815588
450 1 1  1.839439 0.278292 1.036904
451 1 1  2.112653 -0.193010 1.148624
452 1 1  2.910121 0.167738 1.268486
453 1 1  -2.632405 0.470042 1.281259
454 1 1  -2.135012 0.669962 1.190633
455 1 1  -1.782475 0.297738 1.012044
456 1 1  -1.130613 0.920829 0.841692
457 1 1  1.604110 0.814805 1.008270
458 1 1  2.121707 0.749212 1.194768
459 1 1  2.378982 0.248343 1.236304
460 1 1  2.672163 0.705547 1.282741
461 1 1  -2.511242 1.036722 1.282834
462 1 1  -1.964192 1.204287 1.211815
463 1 1  -1.622735 0.828228 1.018967
464 1 1  -0.896768 1.431941 0.955558
465 1 1  -0.348361 1.476535 0.870722
466 1 1  0.222811 1.462676 0.852219
467 1 1  0.789091 1.410583 0.919662
468 1 1  1.335371 1.337831 1.050616
469 1 1  1.868269 1.259385 1.195758
470 1 1  2.424231 1.225264 1.282810
471 1 1  2.955511 1.169038 1.184699
472 1 1  -2.305653 1.599216 1.280968
473 1 1  -1.758345 1.734623 1.254224
474 1 1  -1.423401 1.345597 1.081288
475 1 1  -1.200902 1.857471 1.181818
476 1 1  -0.658392 1.913639 1.109211
477 1 1  -0.087557 1.907957 1.059564
478 1 1  0.483713 1.879677 1.073418
479 1 1  1.045320 1.830771 1.143475
480 1 1  1.599990 1.771686 1.235112
481 1 1  2.156818 1.715922 1.282891
482 1 1  2.719497 1.707862 1.168077
483 1 1  -2.158084 2.120851 1.243102
484 1 1  -1.575942 2.246682 1.283015
485 1 1  -0.997147 2.375089 1.272088
486 1 1  -0.398485 2.361216 1.236988
487 1 1  0.183701 2.345009 1.225778
488 1 1  0.758790 2.316496 1.247258
489 1 1  1.327011 2.276307 1.278515
490 1 1  1.889817 2.227177 1.267461
491 1 1  2.433817 2.157324 1.145411
492 1 1  -1.532929 2.746655 1.199692
493 1 1  -1.083083 2.899266 1.220185
494 1 1  -0.600142 2.851592 1.268607
495 1 1  -0.064798 2.837499 1.278463
496 1 1  0.491656 2.808505 1.277195
497 1 1  1.061132 2.777719 1.256752
498 1 1  1.615543 2.730453 1.187414

Bonds

1 1  1 2
2 1  1 3
3 1  1 5
4 1  1 12
5 1  1 14
6 1  1 28
7 1  2 3
8 1  2 5
9 1  2 119
10 1  2 121
11 1  2 122
12 1  3 12
13 1  3 13
14 1  3 121
15 1  3 130
16 1  4 5
17 1  4 6
18 1  4 7
19 1  4 14
20 1  4 15
21 1  4 16
22 1  5 7
23 1  5 14
24 1  5 122
25 1  6 7
26 1  6 8
27 1  6 16
28 1  6 18
29 1  7 8
30 1  7 122
31 1  7 124
32 1  8 18
33 1  8 124
34 1  8 126
35 1  8 133
36 1  9 10
37 1  9 12
38 1  9 13
39 1  9 25
40 1  9 26
41 1  9 27
42 1  10 11
43 1  10 13
44 1  10 25
45 1  10 127
46 1  10 129
47 1  11 22
48 1  11 23
49 1  11 25
50 1  11 129
51 1  11 137
52 1  12 13
53 1  12 27
54 1  12 28
55 1  13 127
56 1  13 130
57 1  14 15
58 1  14 28
59 1  14 29
60 1  15 16
61 1  15 17
62 1  15 29
63 1  15 30
64 1  16 17
65 1  16 18
66 1  16 19
67 1  17 19
68 1  17 30
69 1  17 31
70 1  17 32
71 1  18 19
72 1  18 132
73 1  18 133
74 1  19 20
75 1  19 32
76 1  19 33
77 1  19 132
78 1  20 21
79 1  20 33
80 1  20 132
81 1  20 134
82 1  20 140
83 1  21 33
84 1  21 34
85 1  21 35
86 1  21 43
87 1  21 140
88 1  22 23
89 1  22 24
90 1  22 25
91 1  22 37
92 1  22 40
93 1  23 24
94 1  23 137
95 1  23 143
96 1  23 144
97 1  24 37
98 1  24 38
99 1  24 143
100 1  24 153
101 1  25 26
102 1  25 40
103 1  26 27
104 1  26 40
105 1  26 146
106 1  26 155
107 1  27 28
108 1  27 146
109 1  27 147
110 1  28 29
111 1  28 147
112 1  29 30
113 1  29 147
114 1  29 148
115 1  30 31
116 1  30 148
117 1  30 149
118 1  31 32
119 1  31 41
120 1  31 149
121 1  31 160
122 1  32 33
123 1  32 41
124 1  32 43
125 1  33 43
126 1  34 35
127 1  34 36
128 1  34 43
129 1  34 44
130 1  34 45
131 1  34 51
132 1  35 36
133 1  35 140
134 1  35 142
135 1  35 150
136 1  36 45
137 1  36 150
138 1  36 161
139 1  36 175
140 1  37 38
141 1  37 39
142 1  37 40
143 1  37 49
144 1  38 46
145 1  38 47
146 1  38 49
147 1  38 153
148 1  39 40
149 1  39 49
150 1  39 50
151 1  39 155
152 1  39 166
153 1  40 155
154 1  41 42
155 1  41 43
156 1  41 51
157 1  41 160
158 1  42 51
159 1  42 160
160 1  42 172
161 1  42 173
162 1  42 174
163 1  43 51
164 1  44 45
165 1  44 51
166 1  44 52
167 1  44 54
168 1  44 174
169 1  45 54
170 1  45 175
171 1  46 47
172 1  46 48
173 1  46 49
174 1  46 55
175 1  46 57
176 1  47 48
177 1  47 153
178 1  47 163
179 1  47 164
180 1  48 55
181 1  48 56
182 1  48 163
183 1  48 177
184 1  49 50
185 1  49 57
186 1  50 57
187 1  50 58
188 1  50 166
189 1  50 179
190 1  51 174
191 1  52 53
192 1  52 54
193 1  52 60
194 1  52 174
195 1  52 185
196 1  53 54
197 1  53 59
198 1  53 60
199 1  53 61
200 1  54 61
201 1  54 62
202 1  54 175
203 1  55 56
204 1  55 57
205 1  55 64
206 1  55 66
207 1  56 64
208 1  56 65
209 1  56 177
210 1  56 187
211 1  57 58
212 1  57 66
213 1  58 66
214 1  58 67
215 1  58 179
216 1  58 189
217 1  59 60
218 1  59 61
219 1  59 68
220 1  59 69
221 1  59 71
222 1  60 69
223 1  60 185
224 1  60 198
225 1  61 62
226 1  61 63
227 1  61 71
228 1  62 63
229 1  62 175
230 1  62 176
231 1  62 186
232 1  63 71
233 1  63 186
234 1  63 200
235 1  63 279
236 1  64 65
237 1  64 66
238 1  64 72
239 1  64 73
240 1  65 72
241 1  65 187
242 1  65 201
243 1  65 203
244 1  66 67
245 1  66 73
246 1  66 74
247 1  67 74
248 1  67 76
249 1  67 189
250 1  68 69
251 1  68 70
252 1  68 71
253 1  68 81
254 1  68 82
255 1  68 210
256 1  69 79
257 1  69 81
258 1  69 198
259 1  70 71
260 1  70 199
261 1  70 200
262 1  70 210
263 1  71 200
264 1  72 73
265 1  72 84
266 1  72 202
267 1  72 203
268 1  73 74
269 1  73 83
270 1  73 84
271 1  74 75
272 1  74 76
273 1  74 83
274 1  75 76
275 1  75 77
276 1  75 83
277 1  75 85
278 1  75 86
279 1  76 77
280 1  76 189
281 1  76 204
282 1  77 86
283 1  77 87
284 1  77 88
285 1  77 204
286 1  78 79
287 1  78 80
288 1  78 81
289 1  78 82
290 1  78 92
291 1  78 93
292 1  79 80
293 1  79 81
294 1  79 197
295 1  79 198
296 1  79 209
297 1  80 89
298 1  80 90
299 1  80 92
300 1  80 209
301 1  81 82
302 1  82 93
303 1  82 94
304 1  82 210
305 1  83 84
306 1  83 85
307 1  83 95
308 1  84 95
309 1  84 202
310 1  85 86
311 1  85 95
312 1  85 96
313 1  85 97
314 1  86 88
315 1  86 97
316 1  86 98
317 1  87 88
318 1  87 191
319 1  87 204
320 1  87 205
321 1  87 214
322 1  88 98
323 1  88 100
324 1  88 214
325 1  89 90
326 1  89 91
327 1  89 92
328 1  89 104
329 1  89 105
330 1  89 106
331 1  90 91
332 1  90 208
333 1  90 209
334 1  91 102
335 1  91 104
336 1  91 208
337 1  91 216
338 1  92 93
339 1  92 106
340 1  92 107
341 1  93 94
342 1  93 107
343 1  93 108
344 1  94 108
345 1  94 210
346 1  94 217
347 1  94 224
348 1  95 96
349 1  95 202
350 1  95 212
351 1  95 220
352 1  96 97
353 1  96 109
354 1  96 220
355 1  96 226
356 1  97 98
357 1  97 109
358 1  97 110
359 1  98 100
360 1  98 110
361 1  98 111
362 1  99 100
363 1  99 101
364 1  99 111
365 1  99 112
366 1  99 113
367 1  100 101
368 1  100 111
369 1  100 214
370 1  100 215
371 1  101 102
372 1  101 103
373 1  101 113
374 1  101 215
375 1  102 103
376 1  102 104
377 1  102 215
378 1  102 216
379 1  103 104
380 1  103 113
381 1  103 114
382 1  103 115
383 1  104 105
384 1  104 115
385 1  105 106
386 1  105 115
387 1  105 116
388 1  106 107
389 1  106 116
390 1  106 117
391 1  107 108
392 1  107 117
393 1  107 222
394 1  108 222
395 1  108 223
396 1  108 224
397 1  109 110
398 1  109 226
399 1  109 228
400 1  110 111
401 1  110 228
402 1  110 229
403 1  111 112
404 1  111 229
405 1  112 113
406 1  112 118
407 1  112 229
408 1  112 237
409 1  113 114
410 1  113 118
411 1  114 115
412 1  114 118
413 1  114 230
414 1  114 238
415 1  114 239
416 1  115 116
417 1  115 230
418 1  116 117
419 1  116 230
420 1  116 231
421 1  116 232
422 1  117 222
423 1  117 232
424 1  117 233
425 1  118 237
426 1  118 238
427 1  118 304
428 1  119 120
429 1  119 121
430 1  119 122
431 1  119 123
432 1  119 242
433 1  120 123
434 1  120 242
435 1  120 243
436 1  120 245
437 1  120 246
438 1  121 130
439 1  121 131
440 1  121 242
441 1  122 123
442 1  122 124
443 1  123 124
444 1  123 125
445 1  123 246
446 1  124 125
447 1  124 126
448 1  125 126
449 1  125 246
450 1  125 247
451 1  125 249
452 1  126 133
453 1  126 248
454 1  126 249
455 1  127 128
456 1  127 129
457 1  127 130
458 1  127 131
459 1  128 129
460 1  128 131
461 1  128 138
462 1  128 251
463 1  128 254
464 1  129 137
465 1  129 138
466 1  130 131
467 1  131 242
468 1  131 244
469 1  131 254
470 1  132 133
471 1  132 134
472 1  132 135
473 1  133 135
474 1  133 248
475 1  134 135
476 1  134 136
477 1  134 140
478 1  134 141
479 1  135 136
480 1  135 248
481 1  135 255
482 1  136 141
483 1  136 255
484 1  136 256
485 1  136 260
486 1  137 138
487 1  137 139
488 1  137 144
489 1  138 139
490 1  138 251
491 1  138 253
492 1  139 144
493 1  139 253
494 1  139 257
495 1  140 141
496 1  140 142
497 1  141 142
498 1  141 260
499 1  141 261
500 1  142 150
501 1  142 151
502 1  142 261
503 1  143 144
504 1  143 145
505 1  143 153
506 1  143 154
507 1  144 145
508 1  144 257
509 1  145 154
510 1  145 257
511 1  145 262
512 1  146 147
513 1  146 155
514 1  146 156
515 1  146 157
516 1  147 148
517 1  147 157
518 1  148 149
519 1  148 157
520 1  148 158
521 1  149 158
522 1  149 159
523 1  149 160
524 1  150 151
525 1  150 152
526 1  150 161
527 1  151 152
528 1  151 261
529 1  151 263
530 1  151 264
531 1  152 161
532 1  152 162
533 1  152 264
534 1  152 268
535 1  153 154
536 1  153 164
537 1  154 164
538 1  154 262
539 1  154 265
540 1  154 266
541 1  155 156
542 1  155 166
543 1  155 167
544 1  156 157
545 1  156 167
546 1  156 168
547 1  156 169
548 1  157 158
549 1  157 169
550 1  158 159
551 1  158 169
552 1  158 170
553 1  159 160
554 1  159 170
555 1  159 171
556 1  159 172
557 1  160 172
558 1  161 162
559 1  161 175
560 1  161 176
561 1  162 176
562 1  162 268
563 1  162 272
564 1  162 273
565 1  163 164
566 1  163 165
567 1  163 177
568 1  163 178
569 1  164 165
570 1  164 265
571 1  165 178
572 1  165 265
573 1  165 267
574 1  165 269
575 1  166 167
576 1  166 179
577 1  166 180
578 1  167 168
579 1  167 180
580 1  168 169
581 1  168 180
582 1  168 181
583 1  168 270
584 1  169 170
585 1  169 270
586 1  170 171
587 1  170 270
588 1  170 271
589 1  171 172
590 1  171 182
591 1  171 271
592 1  171 278
593 1  172 173
594 1  172 182
595 1  173 174
596 1  173 182
597 1  173 184
598 1  173 185
599 1  174 185
600 1  175 176
601 1  176 186
602 1  176 272
603 1  177 178
604 1  177 187
605 1  178 187
606 1  178 188
607 1  178 269
608 1  178 275
609 1  179 180
610 1  179 189
611 1  179 190
612 1  180 181
613 1  180 190
614 1  181 190
615 1  181 192
616 1  181 270
617 1  181 276
618 1  182 183
619 1  182 184
620 1  182 278
621 1  183 184
622 1  183 194
623 1  183 195
624 1  183 197
625 1  183 278
626 1  184 185
627 1  184 197
628 1  184 198
629 1  185 198
630 1  186 272
631 1  186 279
632 1  186 280
633 1  187 188
634 1  187 201
635 1  188 201
636 1  188 275
637 1  188 281
638 1  188 285
639 1  189 190
640 1  189 204
641 1  190 191
642 1  190 192
643 1  190 204
644 1  191 192
645 1  191 193
646 1  191 204
647 1  191 205
648 1  192 193
649 1  192 276
650 1  192 282
651 1  193 196
652 1  193 205
653 1  193 206
654 1  193 207
655 1  193 282
656 1  194 195
657 1  194 196
658 1  194 197
659 1  194 208
660 1  194 209
661 1  195 196
662 1  195 277
663 1  195 278
664 1  195 282
665 1  196 207
666 1  196 208
667 1  196 282
668 1  197 198
669 1  197 209
670 1  199 200
671 1  199 210
672 1  199 211
673 1  199 217
674 1  199 283
675 1  200 279
676 1  200 283
677 1  201 203
678 1  201 285
679 1  201 286
680 1  202 203
681 1  202 212
682 1  202 213
683 1  203 213
684 1  203 286
685 1  205 206
686 1  205 214
687 1  206 207
688 1  206 214
689 1  206 215
690 1  206 216
691 1  207 208
692 1  207 216
693 1  208 209
694 1  208 216
695 1  210 217
696 1  211 217
697 1  211 218
698 1  211 283
699 1  211 287
700 1  211 288
701 1  212 213
702 1  212 219
703 1  212 220
704 1  212 221
705 1  213 219
706 1  213 286
707 1  213 290
708 1  214 215
709 1  215 216
710 1  217 218
711 1  217 224
712 1  218 224
713 1  218 287
714 1  218 291
715 1  218 295
716 1  219 221
717 1  219 290
718 1  219 292
719 1  219 293
720 1  220 221
721 1  220 225
722 1  220 226
723 1  221 225
724 1  221 293
725 1  222 223
726 1  222 233
727 1  222 234
728 1  223 224
729 1  223 234
730 1  223 294
731 1  223 295
732 1  224 295
733 1  225 226
734 1  225 227
735 1  225 293
736 1  225 297
737 1  226 227
738 1  226 228
739 1  227 228
740 1  227 235
741 1  227 297
742 1  227 300
743 1  228 229
744 1  228 235
745 1  228 236
746 1  229 236
747 1  229 237
748 1  230 231
749 1  230 239
750 1  231 232
751 1  231 239
752 1  231 240
753 1  231 241
754 1  232 233
755 1  232 241
756 1  233 234
757 1  233 241
758 1  233 298
759 1  234 294
760 1  234 298
761 1  234 299
762 1  235 236
763 1  235 300
764 1  235 301
765 1  235 302
766 1  236 237
767 1  236 302
768 1  236 303
769 1  237 303
770 1  237 304
771 1  238 239
772 1  238 304
773 1  238 305
774 1  238 310
775 1  239 240
776 1  239 305
777 1  240 241
778 1  240 305
779 1  240 306
780 1  240 307
781 1  241 298
782 1  241 307
783 1  241 308
784 1  242 243
785 1  242 244
786 1  243 244
787 1  243 245
788 1  243 312
789 1  243 314
790 1  244 254
791 1  244 312
792 1  245 246
793 1  245 313
794 1  245 314
795 1  245 315
796 1  246 247
797 1  246 315
798 1  247 249
799 1  247 315
800 1  247 316
801 1  247 317
802 1  248 249
803 1  248 250
804 1  248 255
805 1  249 250
806 1  249 316
807 1  250 255
808 1  250 316
809 1  250 318
810 1  250 325
811 1  251 252
812 1  251 253
813 1  251 254
814 1  251 320
815 1  252 253
816 1  252 258
817 1  252 319
818 1  252 320
819 1  252 321
820 1  253 257
821 1  253 258
822 1  254 312
823 1  254 320
824 1  255 256
825 1  255 325
826 1  256 260
827 1  256 325
828 1  256 326
829 1  256 330
830 1  257 258
831 1  257 259
832 1  257 262
833 1  258 259
834 1  258 319
835 1  258 327
836 1  259 262
837 1  259 327
838 1  259 332
839 1  259 333
840 1  260 261
841 1  260 263
842 1  260 330
843 1  261 263
844 1  262 266
845 1  262 332
846 1  263 264
847 1  263 330
848 1  263 331
849 1  263 334
850 1  264 268
851 1  264 334
852 1  264 335
853 1  265 266
854 1  265 267
855 1  266 267
856 1  266 332
857 1  266 336
858 1  267 269
859 1  267 336
860 1  267 339
861 1  268 273
862 1  268 335
863 1  268 338
864 1  269 275
865 1  269 339
866 1  269 351
867 1  270 271
868 1  270 276
869 1  271 276
870 1  271 277
871 1  271 278
872 1  272 273
873 1  272 274
874 1  272 280
875 1  273 274
876 1  273 338
877 1  273 349
878 1  274 280
879 1  274 349
880 1  274 357
881 1  275 281
882 1  275 351
883 1  276 277
884 1  276 282
885 1  277 278
886 1  277 282
887 1  279 280
888 1  279 283
889 1  279 284
890 1  280 284
891 1  280 357
892 1  281 285
893 1  281 351
894 1  281 359
895 1  281 360
896 1  283 284
897 1  283 288
898 1  284 288
899 1  284 357
900 1  284 367
901 1  285 286
902 1  285 289
903 1  285 359
904 1  286 289
905 1  286 290
906 1  287 288
907 1  287 291
908 1  287 374
909 1  287 376
910 1  288 367
911 1  288 374
912 1  289 290
913 1  289 359
914 1  289 369
915 1  289 375
916 1  290 292
917 1  290 375
918 1  291 295
919 1  291 376
920 1  291 380
921 1  292 293
922 1  292 375
923 1  292 377
924 1  292 378
925 1  293 296
926 1  293 297
927 1  293 378
928 1  294 295
929 1  294 299
930 1  294 379
931 1  294 380
932 1  295 380
933 1  296 297
934 1  296 378
935 1  296 381
936 1  296 382
937 1  297 300
938 1  297 382
939 1  298 299
940 1  298 308
941 1  298 383
942 1  299 379
943 1  299 383
944 1  299 384
945 1  300 301
946 1  300 382
947 1  300 385
948 1  301 302
949 1  301 385
950 1  301 386
951 1  301 388
952 1  302 303
953 1  302 309
954 1  302 388
955 1  303 304
956 1  303 309
957 1  303 310
958 1  304 310
959 1  305 306
960 1  305 310
961 1  305 311
962 1  306 307
963 1  306 311
964 1  306 391
965 1  306 393
966 1  307 308
967 1  307 393
968 1  308 383
969 1  308 393
970 1  308 394
971 1  309 310
972 1  309 311
973 1  309 388
974 1  309 389
975 1  310 311
976 1  311 389
977 1  311 391
978 1  312 314
979 1  312 320
980 1  312 322
981 1  313 314
982 1  313 315
983 1  313 395
984 1  313 396
985 1  313 399
986 1  314 322
987 1  314 395
988 1  315 317
989 1  315 396
990 1  316 317
991 1  316 318
992 1  316 323
993 1  317 323
994 1  317 396
995 1  317 401
996 1  318 323
997 1  318 324
998 1  318 325
999 1  319 321
1000 1  319 327
1001 1  319 328
1002 1  319 329
1003 1  320 321
1004 1  320 322
1005 1  321 322
1006 1  321 329
1007 1  321 397
1008 1  322 395
1009 1  322 397
1010 1  323 324
1011 1  323 401
1012 1  323 402
1013 1  324 325
1014 1  324 326
1015 1  324 402
1016 1  324 403
1017 1  325 326
1018 1  326 330
1019 1  326 403
1020 1  326 412
1021 1  327 328
1022 1  327 333
1023 1  328 329
1024 1  328 333
1025 1  328 404
1026 1  328 413
1027 1  329 397
1028 1  329 404
1029 1  329 405
1030 1  330 331
1031 1  330 412
1032 1  331 334
1033 1  331 412
1034 1  331 422
1035 1  331 423
1036 1  332 333
1037 1  332 336
1038 1  332 337
1039 1  333 337
1040 1  333 413
1041 1  333 424
1042 1  334 335
1043 1  334 423
1044 1  335 338
1045 1  335 423
1046 1  335 434
1047 1  336 337
1048 1  336 339
1049 1  336 340
1050 1  337 340
1051 1  337 424
1052 1  338 349
1053 1  338 350
1054 1  338 434
1055 1  339 340
1056 1  339 351
1057 1  339 435
1058 1  340 424
1059 1  340 435
1060 1  340 436
1061 1  341 342
1062 1  341 343
1063 1  341 344
1064 1  341 345
1065 1  341 352
1066 1  341 354
1067 1  342 343
1068 1  342 352
1069 1  342 353
1070 1  342 427
1071 1  342 439
1072 1  343 345
1073 1  343 427
1074 1  343 428
1075 1  343 429
1076 1  344 345
1077 1  344 346
1078 1  344 354
1079 1  344 355
1080 1  345 346
1081 1  345 347
1082 1  345 429
1083 1  346 347
1084 1  346 348
1085 1  346 355
1086 1  346 356
1087 1  347 348
1088 1  347 429
1089 1  347 430
1090 1  347 431
1091 1  348 356
1092 1  348 431
1093 1  348 432
1094 1  348 440
1095 1  349 350
1096 1  349 357
1097 1  349 358
1098 1  350 358
1099 1  350 434
1100 1  350 443
1101 1  350 452
1102 1  351 360
1103 1  351 435
1104 1  351 444
1105 1  352 353
1106 1  352 354
1107 1  352 362
1108 1  352 363
1109 1  353 363
1110 1  353 439
1111 1  353 447
1112 1  353 448
1113 1  354 355
1114 1  354 362
1115 1  354 364
1116 1  355 356
1117 1  355 364
1118 1  355 365
1119 1  356 365
1120 1  356 440
1121 1  356 449
1122 1  357 358
1123 1  357 367
1124 1  358 367
1125 1  358 368
1126 1  358 452
1127 1  359 360
1128 1  359 361
1129 1  359 369
1130 1  360 361
1131 1  360 444
1132 1  361 369
1133 1  361 370
1134 1  361 444
1135 1  361 453
1136 1  361 461
1137 1  362 363
1138 1  362 364
1139 1  362 371
1140 1  362 372
1141 1  363 371
1142 1  363 448
1143 1  363 456
1144 1  364 365
1145 1  364 372
1146 1  364 373
1147 1  365 366
1148 1  365 373
1149 1  365 449
1150 1  366 373
1151 1  366 449
1152 1  366 457
1153 1  366 467
1154 1  366 468
1155 1  367 368
1156 1  367 374
1157 1  368 374
1158 1  368 452
1159 1  368 460
1160 1  368 471
1161 1  369 370
1162 1  369 375
1163 1  370 375
1164 1  370 377
1165 1  370 461
1166 1  370 472
1167 1  371 372
1168 1  371 456
1169 1  371 464
1170 1  371 465
1171 1  372 373
1172 1  372 465
1173 1  372 466
1174 1  373 466
1175 1  373 467
1176 1  374 376
1177 1  374 471
1178 1  375 377
1179 1  376 380
1180 1  376 471
1181 1  376 482
1182 1  377 378
1183 1  377 472
1184 1  377 483
1185 1  378 381
1186 1  378 483
1187 1  379 380
1188 1  379 384
1189 1  379 491
1190 1  380 482
1191 1  380 491
1192 1  381 382
1193 1  381 483
1194 1  381 484
1195 1  381 492
1196 1  382 385
1197 1  382 492
1198 1  383 384
1199 1  383 394
1200 1  384 498
1201 1  384 490
1202 1  384 491
1203 1  385 498
1204 1  385 386
1205 1  385 492
1206 1  385 493
1207 1  386 387
1208 1  386 388
1209 1  386 493
1210 1  386 494
1211 1  387 388
1212 1  387 389
1213 1  387 390
1214 1  387 494
1215 1  387 495
1216 1  388 389
1217 1  389 390
1218 1  389 391
1219 1  390 391
1220 1  390 392
1221 1  390 495
1222 1  390 496
1223 1  391 392
1224 1  391 393
1225 1  392 393
1226 1  392 394
1227 1  392 496
1228 1  392 497
1229 1  393 394
1230 1  394 497
1231 1  395 498
1232 1  395 397
1233 1  395 398
1234 1  395 399
1235 1  396 399
1236 1  396 400
1237 1  396 401
1238 1  397 398
1239 1  397 405
1240 1  398 399
1241 1  398 405
1242 1  398 406
1243 1  398 407
1244 1  399 400
1245 1  399 407
1246 1  400 401
1247 1  400 407
1248 1  400 408
1249 1  400 409
1250 1  401 402
1251 1  401 409
1252 1  402 403
1253 1  402 409
1254 1  402 410
1255 1  403 410
1256 1  403 411
1257 1  403 412
1258 1  404 405
1259 1  404 413
1260 1  404 414
1261 1  404 415
1262 1  405 406
1263 1  405 415
1264 1  406 407
1265 1  406 415
1266 1  406 416
1267 1  406 417
1268 1  407 408
1269 1  407 417
1270 1  408 409
1271 1  408 417
1272 1  408 418
1273 1  408 419
1274 1  409 410
1275 1  409 419
1276 1  410 411
1277 1  410 419
1278 1  410 420
1279 1  411 412
1280 1  411 420
1281 1  411 421
1282 1  411 422
1283 1  412 422
1284 1  413 414
1285 1  413 424
1286 1  413 425
1287 1  414 415
1288 1  414 425
1289 1  414 426
1290 1  414 438
1291 1  415 416
1292 1  415 426
1293 1  416 417
1294 1  416 426
1295 1  416 427
1296 1  416 428
1297 1  417 418
1298 1  417 428
1299 1  418 419
1300 1  418 428
1301 1  418 429
1302 1  418 430
1303 1  419 420
1304 1  419 430
1305 1  420 421
1306 1  420 430
1307 1  420 431
1308 1  421 422
1309 1  421 431
1310 1  421 432
1311 1  421 433
1312 1  422 423
1313 1  422 433
1314 1  423 433
1315 1  423 434
1316 1  423 442
1317 1  424 425
1318 1  424 436
1319 1  425 436
1320 1  425 437
1321 1  425 438
1322 1  426 427
1323 1  426 438
1324 1  426 439
1325 1  427 428
1326 1  427 439
1327 1  428 429
1328 1  429 430
1329 1  430 431
1330 1  431 432
1331 1  432 433
1332 1  432 440
1333 1  432 441
1334 1  433 441
1335 1  433 442
1336 1  434 442
1337 1  434 443
1338 1  435 436
1339 1  435 444
1340 1  435 445
1341 1  436 437
1342 1  436 445
1343 1  437 438
1344 1  437 445
1345 1  437 446
1346 1  437 447
1347 1  438 439
1348 1  438 447
1349 1  439 447
1350 1  440 441
1351 1  440 449
1352 1  440 450
1353 1  440 451
1354 1  441 442
1355 1  441 451
1356 1  442 443
1357 1  442 451
1358 1  443 451
1359 1  443 452
1360 1  443 459
1361 1  444 445
1362 1  444 453
1363 1  445 446
1364 1  445 453
1365 1  446 447
1366 1  446 453
1367 1  446 454
1368 1  446 455
1369 1  447 448
1370 1  447 455
1371 1  448 455
1372 1  448 456
1373 1  448 463
1374 1  449 450
1375 1  449 457
1376 1  450 451
1377 1  450 457
1378 1  450 458
1379 1  450 459
1380 1  451 459
1381 1  452 459
1382 1  452 460
1383 1  453 454
1384 1  453 461
1385 1  454 455
1386 1  454 461
1387 1  454 462
1388 1  454 463
1389 1  455 463
1390 1  456 463
1391 1  456 464
1392 1  456 474
1393 1  457 458
1394 1  457 468
1395 1  457 469
1396 1  458 459
1397 1  458 460
1398 1  458 469
1399 1  458 470
1400 1  459 460
1401 1  460 470
1402 1  460 471
1403 1  461 462
1404 1  461 472
1405 1  462 463
1406 1  462 472
1407 1  462 473
1408 1  462 474
1409 1  463 474
1410 1  464 465
1411 1  464 474
1412 1  464 475
1413 1  464 476
1414 1  465 466
1415 1  465 476
1416 1  465 477
1417 1  466 467
1418 1  466 477
1419 1  466 478
1420 1  467 468
1421 1  467 478
1422 1  467 479
1423 1  468 469
1424 1  468 479
1425 1  468 480
1426 1  469 470
1427 1  469 480
1428 1  469 481
1429 1  470 471
1430 1  470 481
1431 1  470 482
1432 1  471 482
1433 1  472 473
1434 1  472 483
1435 1  473 474
1436 1  473 475
1437 1  473 483
1438 1  473 484
1439 1  474 475
1440 1  475 476
1441 1  475 484
1442 1  475 485
1443 1  476 477
1444 1  476 485
1445 1  476 486
1446 1  477 478
1447 1  477 486
1448 1  477 487
1449 1  478 479
1450 1  478 487
1451 1  478 488
1452 1  479 480
1453 1  479 488
1454 1  479 489
1455 1  480 481
1456 1  480 489
1457 1  480 490
1458 1  481 482
1459 1  481 490
1460 1  481 491
1461 1  482 491
1462 1  483 484
1463 1  484 485
1464 1  484 492
1465 1  485 486
1466 1  485 492
1467 1  485 493
1468 1  485 494
1469 1  486 487
1470 1  486 494
1471 1  486 495
1472 1  487 488
1473 1  487 495
1474 1  487 496
1475 1  488 489
1476 1  488 496
1477 1  488 497
1478 1  489 490
1479 1  489 497
1480 1  490 498
1481 1  490 491
1482 1  491 498
1483 1  492 493
1484 1  493 494
1485 1  494 495
1486 1  495 496
1487 1  496 497
1488 1  498 498

Angles

1 1  3 1 2
2 1  14 5 1
3 1  1 5 2
4 1  6 7 4
5 1  4 7 5
6 1  7 6 8
7 1  11 25 10
8 1  13 9 12
9 1  13 10 9
10 1  1 12 28
11 1  1 3 12
12 1  3 13 12
13 1  15 4 14
14 1  14 4 5
15 1  16 4 15
16 1  16 6 4
17 1  18 6 16
18 1  17 19 16
19 1  18 8 6
20 1  20 132 19
21 1  19 18 16
22 1  20 19 33
23 1  24 22 23
24 1  11 22 25
25 1  9 10 25
26 1  11 23 22
27 1  26 9 25
28 1  26 27 9
29 1  27 12 9
30 1  28 14 1
31 1  27 28 12
32 1  29 14 28
33 1  29 15 14
34 1  30 15 29
35 1  30 17 15
36 1  17 16 15
37 1  31 17 30
38 1  32 17 31
39 1  19 17 32
40 1  33 19 32
41 1  21 20 33
42 1  34 35 21
43 1  43 21 33
44 1  35 34 36
45 1  38 37 24
46 1  24 37 22
47 1  39 40 37
48 1  37 40 22
49 1  40 25 22
50 1  26 25 40
51 1  41 32 31
52 1  43 32 41
53 1  42 51 41
54 1  43 33 32
55 1  34 21 43
56 1  51 34 43
57 1  45 34 44
58 1  45 36 34
59 1  48 46 47
60 1  38 46 49
61 1  37 38 49
62 1  38 47 46
63 1  50 39 49
64 1  49 39 37
65 1  51 43 41
66 1  44 34 51
67 1  174 44 51
68 1  53 54 52
69 1  54 44 52
70 1  54 45 44
71 1  48 56 55
72 1  46 48 55
73 1  57 46 55
74 1  57 49 46
75 1  58 50 57
76 1  57 50 49
77 1  60 59 53
78 1  52 60 53
79 1  61 53 59
80 1  53 61 54
81 1  61 62 54
82 1  62 61 63
83 1  56 64 55
84 1  56 65 64
85 1  66 55 64
86 1  66 57 55
87 1  67 58 66
88 1  66 58 57
89 1  69 59 60
90 1  69 68 59
91 1  70 71 68
92 1  59 71 61
93 1  68 71 59
94 1  63 61 71
95 1  72 64 65
96 1  73 64 72
97 1  73 66 64
98 1  74 66 73
99 1  67 66 74
100 1  75 76 74
101 1  76 67 74
102 1  76 75 77
103 1  80 78 79
104 1  79 78 81
105 1  68 69 81
106 1  69 79 81
107 1  82 210 68
108 1  81 82 68
109 1  84 83 73
110 1  73 83 74
111 1  75 74 83
112 1  85 75 83
113 1  86 75 85
114 1  86 88 77
115 1  86 77 75
116 1  87 77 88
117 1  91 89 90
118 1  80 89 92
119 1  78 80 92
120 1  80 90 89
121 1  93 78 92
122 1  93 82 78
123 1  94 82 93
124 1  78 82 81
125 1  95 83 84
126 1  85 83 95
127 1  96 85 95
128 1  97 85 96
129 1  86 85 97
130 1  98 86 97
131 1  88 86 98
132 1  111 100 98
133 1  100 88 98
134 1  102 215 101
135 1  101 100 99
136 1  103 102 101
137 1  103 104 102
138 1  104 103 115
139 1  89 91 104
140 1  89 104 105
141 1  106 89 105
142 1  106 92 89
143 1  107 92 106
144 1  107 108 93
145 1  107 93 92
146 1  94 93 108
147 1  109 97 96
148 1  110 97 109
149 1  110 98 97
150 1  111 98 110
151 1  111 99 100
152 1  112 113 99
153 1  111 112 99
154 1  113 101 99
155 1  114 115 103
156 1  113 114 103
157 1  113 103 101
158 1  116 105 115
159 1  115 105 104
160 1  117 106 116
161 1  116 106 105
162 1  107 106 117
163 1  118 114 113
164 1  118 113 112
165 1  242 119 120
166 1  123 120 119
167 1  122 123 119
168 1  124 123 122
169 1  124 125 123
170 1  125 124 126
171 1  129 127 128
172 1  131 127 130
173 1  131 128 127
174 1  2 121 3
175 1  2 119 121
176 1  121 130 3
177 1  121 131 130
178 1  5 122 2
179 1  2 122 119
180 1  7 124 122
181 1  5 7 122
182 1  126 124 8
183 1  18 133 8
184 1  8 124 7
185 1  133 126 8
186 1  135 133 132
187 1  134 135 132
188 1  135 134 136
189 1  139 137 138
190 1  10 127 129
191 1  11 10 129
192 1  129 137 11
193 1  129 138 137
194 1  13 127 10
195 1  13 130 127
196 1  130 13 3
197 1  132 133 18
198 1  134 132 20
199 1  19 132 18
200 1  140 134 20
201 1  21 140 20
202 1  141 134 140
203 1  141 136 134
204 1  141 140 142
205 1  145 143 144
206 1  137 144 23
207 1  23 143 24
208 1  144 143 23
209 1  139 144 137
210 1  137 23 11
211 1  27 26 146
212 1  147 28 27
213 1  146 147 27
214 1  29 28 147
215 1  148 29 147
216 1  149 30 148
217 1  148 30 29
218 1  31 30 149
219 1  140 21 35
220 1  150 151 142
221 1  36 150 35
222 1  150 142 35
223 1  35 142 140
224 1  151 150 152
225 1  154 153 143
226 1  145 154 143
227 1  143 153 24
228 1  24 153 38
229 1  40 39 155
230 1  156 146 155
231 1  155 26 40
232 1  146 26 155
233 1  157 146 156
234 1  157 147 146
235 1  158 148 157
236 1  157 148 147
237 1  159 149 158
238 1  158 149 148
239 1  160 31 149
240 1  159 160 149
241 1  160 41 31
242 1  42 41 160
243 1  150 36 161
244 1  175 36 45
245 1  162 152 161
246 1  161 152 150
247 1  165 163 164
248 1  47 164 163
249 1  153 164 47
250 1  48 47 163
251 1  154 164 153
252 1  153 47 38
253 1  155 39 166
254 1  166 39 50
255 1  167 155 166
256 1  167 156 155
257 1  168 156 167
258 1  168 169 156
259 1  169 157 156
260 1  169 158 157
261 1  169 170 158
262 1  159 158 170
263 1  171 159 170
264 1  172 159 171
265 1  173 42 172
266 1  172 160 159
267 1  172 42 160
268 1  173 174 42
269 1  174 51 42
270 1  52 44 174
271 1  161 36 175
272 1  175 45 54
273 1  176 161 175
274 1  176 162 161
275 1  178 177 163
276 1  165 178 163
277 1  56 48 177
278 1  177 48 163
279 1  166 50 179
280 1  179 50 58
281 1  180 166 179
282 1  180 167 166
283 1  180 168 167
284 1  180 181 168
285 1  182 172 171
286 1  173 172 182
287 1  183 184 182
288 1  184 173 182
289 1  185 174 173
290 1  184 185 173
291 1  174 185 52
292 1  52 185 60
293 1  175 54 62
294 1  186 176 62
295 1  63 186 62
296 1  176 175 62
297 1  178 187 177
298 1  178 188 187
299 1  65 56 187
300 1  187 56 177
301 1  179 58 189
302 1  189 58 67
303 1  190 180 179
304 1  189 190 179
305 1  181 180 190
306 1  191 192 190
307 1  192 181 190
308 1  192 191 193
309 1  196 194 195
310 1  183 194 197
311 1  184 183 197
312 1  183 195 194
313 1  198 184 197
314 1  198 185 184
315 1  60 198 69
316 1  60 185 198
317 1  200 70 199
318 1  200 71 70
319 1  200 279 63
320 1  200 63 71
321 1  201 187 188
322 1  201 65 187
323 1  201 203 65
324 1  203 72 65
325 1  203 202 72
326 1  84 72 202
327 1  189 67 76
328 1  204 76 77
329 1  204 189 76
330 1  190 189 204
331 1  87 191 204
332 1  204 191 190
333 1  193 191 205
334 1  206 207 193
335 1  206 193 205
336 1  194 196 208
337 1  208 196 207
338 1  216 207 206
339 1  209 194 208
340 1  209 197 194
341 1  197 209 79
342 1  198 197 79
343 1  79 209 80
344 1  198 79 69
345 1  199 70 210
346 1  210 70 68
347 1  217 199 210
348 1  211 283 199
349 1  213 212 202
350 1  203 213 202
351 1  72 84 73
352 1  202 212 95
353 1  204 77 87
354 1  214 87 88
355 1  214 205 87
356 1  205 191 87
357 1  215 206 214
358 1  214 206 205
359 1  216 206 215
360 1  216 208 207
361 1  90 208 91
362 1  90 209 208
363 1  208 216 91
364 1  209 90 80
365 1  210 94 217
366 1  210 82 94
367 1  218 211 217
368 1  217 211 199
369 1  219 212 213
370 1  220 95 212
371 1  219 221 212
372 1  202 95 84
373 1  221 220 212
374 1  96 95 220
375 1  214 88 100
376 1  215 100 101
377 1  215 214 100
378 1  91 102 104
379 1  216 215 102
380 1  216 102 91
381 1  108 107 222
382 1  223 108 222
383 1  223 224 108
384 1  224 94 108
385 1  224 217 94
386 1  218 217 224
387 1  225 220 221
388 1  226 109 96
389 1  225 227 226
390 1  220 225 226
391 1  220 226 96
392 1  228 109 226
393 1  228 110 109
394 1  229 110 228
395 1  229 111 110
396 1  112 111 229
397 1  115 114 230
398 1  231 116 230
399 1  230 116 115
400 1  232 117 116
401 1  231 232 116
402 1  233 117 232
403 1  233 222 117
404 1  222 107 117
405 1  234 222 233
406 1  223 222 234
407 1  235 228 227
408 1  236 228 235
409 1  227 228 226
410 1  229 228 236
411 1  237 229 236
412 1  237 112 229
413 1  237 304 118
414 1  237 118 112
415 1  239 114 238
416 1  238 114 118
417 1  230 114 239
418 1  240 231 239
419 1  239 231 230
420 1  241 231 240
421 1  241 232 231
422 1  233 232 241
423 1  312 244 243
424 1  245 243 120
425 1  120 243 242
426 1  119 242 121
427 1  246 245 120
428 1  123 246 120
429 1  246 123 125
430 1  247 246 125
431 1  249 125 126
432 1  248 249 126
433 1  249 247 125
434 1  318 316 250
435 1  319 258 252
436 1  254 320 251
437 1  128 254 251
438 1  128 251 138
439 1  242 244 131
440 1  131 244 254
441 1  131 254 128
442 1  242 131 121
443 1  248 126 133
444 1  248 133 135
445 1  255 250 248
446 1  255 248 135
447 1  255 135 136
448 1  256 255 136
449 1  327 259 258
450 1  253 139 138
451 1  251 253 138
452 1  253 257 139
453 1  253 258 257
454 1  128 138 129
455 1  260 256 136
456 1  141 260 136
457 1  261 141 142
458 1  261 260 141
459 1  257 145 144
460 1  257 259 262
461 1  257 262 145
462 1  257 144 139
463 1  151 261 142
464 1  151 263 261
465 1  264 263 151
466 1  152 264 151
467 1  336 267 266
468 1  262 154 145
469 1  262 266 154
470 1  266 265 154
471 1  264 152 268
472 1  268 152 162
473 1  265 267 165
474 1  164 265 165
475 1  267 269 165
476 1  265 164 154
477 1  169 168 270
478 1  271 170 270
479 1  270 170 169
480 1  171 170 271
481 1  162 176 272
482 1  273 162 272
483 1  268 162 273
484 1  273 272 274
485 1  269 178 165
486 1  269 275 178
487 1  270 181 276
488 1  270 168 181
489 1  271 276 277
490 1  271 270 276
491 1  278 171 271
492 1  277 278 271
493 1  278 182 171
494 1  195 183 278
495 1  280 186 279
496 1  272 176 186
497 1  280 274 272
498 1  186 280 272
499 1  275 188 178
500 1  275 281 188
501 1  276 181 192
502 1  282 192 193
503 1  282 277 276
504 1  282 276 192
505 1  278 277 195
506 1  195 277 282
507 1  195 282 196
508 1  182 278 183
509 1  279 200 283
510 1  279 186 63
511 1  284 279 283
512 1  284 280 279
513 1  285 188 281
514 1  285 286 201
515 1  285 201 188
516 1  203 201 286
517 1  207 196 193
518 1  196 282 193
519 1  288 211 287
520 1  288 283 211
521 1  283 200 199
522 1  284 283 288
523 1  359 289 285
524 1  286 213 203
525 1  286 289 290
526 1  286 290 213
527 1  287 218 291
528 1  287 211 218
529 1  219 213 290
530 1  292 219 290
531 1  293 221 219
532 1  292 293 219
533 1  295 223 294
534 1  295 224 223
535 1  295 218 224
536 1  295 291 218
537 1  225 221 293
538 1  296 297 293
539 1  297 227 225
540 1  293 297 225
541 1  234 233 298
542 1  299 234 298
543 1  294 234 299
544 1  294 223 234
545 1  300 235 227
546 1  297 300 227
547 1  301 235 300
548 1  301 302 235
549 1  302 236 235
550 1  302 303 236
551 1  303 237 236
552 1  304 237 303
553 1  304 238 118
554 1  310 238 304
555 1  305 239 238
556 1  240 239 305
557 1  306 240 305
558 1  307 240 306
559 1  308 241 307
560 1  307 241 240
561 1  298 233 241
562 1  308 298 241
563 1  309 303 302
564 1  310 304 303
565 1  309 310 303
566 1  311 305 310
567 1  310 305 238
568 1  306 305 311
569 1  243 244 242
570 1  313 314 245
571 1  243 314 312
572 1  245 314 243
573 1  315 245 246
574 1  315 313 245
575 1  316 317 247
576 1  247 317 315
577 1  247 315 246
578 1  250 316 249
579 1  249 316 247
580 1  250 249 248
581 1  252 253 251
582 1  320 252 251
583 1  320 321 252
584 1  321 319 252
585 1  312 254 244
586 1  312 320 254
587 1  322 320 312
588 1  322 312 314
589 1  317 316 323
590 1  324 323 318
591 1  318 323 316
592 1  325 250 255
593 1  325 324 318
594 1  325 318 250
595 1  326 325 256
596 1  256 325 255
597 1  258 259 257
598 1  319 327 258
599 1  327 319 328
600 1  253 252 258
601 1  319 329 328
602 1  329 319 321
603 1  330 256 260
604 1  330 326 256
605 1  263 260 261
606 1  263 330 260
607 1  327 333 259
608 1  259 333 332
609 1  259 332 262
610 1  333 327 328
611 1  331 330 263
612 1  334 331 263
613 1  335 334 264
614 1  264 334 263
615 1  266 267 265
616 1  332 266 262
617 1  332 336 266
618 1  337 336 332
619 1  335 268 338
620 1  335 264 268
621 1  336 340 339
622 1  267 336 339
623 1  267 339 269
624 1  340 336 337
625 1  343 341 342
626 1  345 344 341
627 1  343 345 341
628 1  347 346 345
629 1  345 346 344
630 1  348 346 347
631 1  338 268 273
632 1  349 338 273
633 1  350 338 349
634 1  349 273 274
635 1  339 351 269
636 1  269 351 275
637 1  353 342 352
638 1  352 342 341
639 1  354 341 344
640 1  354 352 341
641 1  355 354 344
642 1  346 355 344
643 1  356 346 348
644 1  356 355 346
645 1  358 349 357
646 1  358 350 349
647 1  349 274 357
648 1  357 274 280
649 1  351 281 275
650 1  281 360 359
651 1  351 360 281
652 1  361 359 360
653 1  363 353 352
654 1  362 363 352
655 1  354 362 352
656 1  354 364 362
657 1  365 364 355
658 1  355 364 354
659 1  449 365 356
660 1  356 365 355
661 1  368 358 367
662 1  367 358 357
663 1  357 284 367
664 1  357 280 284
665 1  359 285 281
666 1  359 369 289
667 1  370 369 361
668 1  361 369 359
669 1  363 362 371
670 1  372 362 364
671 1  372 371 362
672 1  373 372 364
673 1  365 373 364
674 1  373 365 366
675 1  288 287 374
676 1  368 367 374
677 1  367 288 374
678 1  284 288 367
679 1  289 286 285
680 1  370 375 369
681 1  369 375 289
682 1  375 290 289
683 1  374 287 376
684 1  376 287 291
685 1  377 292 375
686 1  375 292 290
687 1  378 292 377
688 1  378 293 292
689 1  380 294 379
690 1  380 295 294
691 1  376 291 380
692 1  380 291 295
693 1  296 293 378
694 1  381 296 378
695 1  382 296 381
696 1  382 297 296
697 1  384 299 383
698 1  383 299 298
699 1  379 299 384
700 1  379 294 299
701 1  385 300 382
702 1  382 300 297
703 1  386 301 385
704 1  385 301 300
705 1  388 301 386
706 1  387 388 386
707 1  388 302 301
708 1  390 389 387
709 1  387 389 388
710 1  392 391 390
711 1  390 391 389
712 1  392 393 391
713 1  391 393 306
714 1  393 307 306
715 1  394 308 393
716 1  393 308 307
717 1  383 308 394
718 1  383 298 308
719 1  309 302 388
720 1  389 309 388
721 1  389 311 309
722 1  391 311 389
723 1  309 311 310
724 1  306 311 391
725 1  395 314 313
726 1  396 313 315
727 1  396 399 313
728 1  396 315 317
729 1  322 321 320
730 1  397 321 322
731 1  395 397 322
732 1  395 322 314
733 1  395 398 397
734 1  399 398 395
735 1  400 399 396
736 1  313 399 395
737 1  401 317 323
738 1  401 396 317
739 1  400 396 401
740 1  402 323 324
741 1  402 401 323
742 1  326 324 325
743 1  403 402 324
744 1  403 324 326
745 1  404 328 329
746 1  397 329 321
747 1  397 405 329
748 1  405 404 329
749 1  406 405 398
750 1  398 405 397
751 1  407 398 399
752 1  407 406 398
753 1  407 399 400
754 1  408 407 400
755 1  409 400 401
756 1  409 408 400
757 1  409 401 402
758 1  410 409 402
759 1  411 410 403
760 1  403 410 402
761 1  412 326 330
762 1  412 403 326
763 1  411 403 412
764 1  412 330 331
765 1  413 424 333
766 1  404 414 413
767 1  328 413 333
768 1  404 413 328
769 1  415 404 405
770 1  415 414 404
771 1  415 405 406
772 1  416 415 406
773 1  417 406 407
774 1  417 416 406
775 1  417 407 408
776 1  418 417 408
777 1  419 408 409
778 1  419 418 408
779 1  420 419 410
780 1  410 419 409
781 1  421 420 411
782 1  411 420 410
783 1  422 421 411
784 1  412 422 411
785 1  423 331 334
786 1  331 422 412
787 1  423 422 331
788 1  423 334 335
789 1  333 337 332
790 1  333 424 337
791 1  425 413 414
792 1  425 424 413
793 1  426 414 415
794 1  426 438 414
795 1  426 415 416
796 1  427 426 416
797 1  428 416 417
798 1  428 427 416
799 1  429 428 418
800 1  418 428 417
801 1  430 418 419
802 1  430 429 418
803 1  431 430 420
804 1  420 430 419
805 1  432 431 421
806 1  421 431 420
807 1  433 432 421
808 1  422 433 421
809 1  434 442 423
810 1  423 433 422
811 1  335 338 434
812 1  423 335 434
813 1  435 339 340
814 1  424 340 337
815 1  340 436 435
816 1  424 436 340
817 1  437 436 425
818 1  425 436 424
819 1  438 425 414
820 1  438 437 425
821 1  439 426 427
822 1  439 438 426
823 1  427 342 439
824 1  427 343 342
825 1  428 343 427
826 1  429 343 428
827 1  429 345 343
828 1  430 347 429
829 1  429 347 345
830 1  431 347 430
831 1  431 348 347
832 1  432 348 431
833 1  441 440 432
834 1  432 440 348
835 1  433 441 432
836 1  433 442 441
837 1  442 433 423
838 1  443 442 434
839 1  434 350 443
840 1  434 338 350
841 1  435 444 351
842 1  339 435 351
843 1  445 444 435
844 1  436 445 435
845 1  445 436 437
846 1  446 445 437
847 1  447 437 438
848 1  447 446 437
849 1  353 447 439
850 1  439 447 438
851 1  439 342 353
852 1  448 447 353
853 1  440 449 356
854 1  348 440 356
855 1  451 440 441
856 1  450 449 440
857 1  451 441 442
858 1  451 450 440
859 1  451 442 443
860 1  452 459 443
861 1  452 350 358
862 1  452 443 350
863 1  360 351 444
864 1  445 453 444
865 1  444 453 361
866 1  444 361 360
867 1  453 445 446
868 1  454 453 446
869 1  455 446 447
870 1  455 454 446
871 1  456 463 448
872 1  448 455 447
873 1  448 363 456
874 1  448 353 363
875 1  449 366 365
876 1  449 457 366
877 1  458 457 450
878 1  450 457 449
879 1  459 450 451
880 1  459 458 450
881 1  460 459 452
882 1  443 459 451
883 1  452 368 460
884 1  452 358 368
885 1  453 461 361
886 1  361 461 370
887 1  461 453 454
888 1  462 461 454
889 1  463 462 454
890 1  455 463 454
891 1  464 474 456
892 1  448 463 455
893 1  465 464 371
894 1  371 464 456
895 1  371 456 363
896 1  466 465 372
897 1  372 465 371
898 1  467 466 373
899 1  373 466 372
900 1  468 467 366
901 1  457 468 366
902 1  366 467 373
903 1  469 457 458
904 1  469 468 457
905 1  460 458 459
906 1  470 469 458
907 1  471 470 460
908 1  460 470 458
909 1  368 374 471
910 1  460 368 471
911 1  461 472 370
912 1  370 472 377
913 1  473 472 462
914 1  462 472 461
915 1  474 462 463
916 1  474 473 462
917 1  475 474 464
918 1  456 474 463
919 1  476 475 464
920 1  465 476 464
921 1  477 465 466
922 1  477 476 465
923 1  478 466 467
924 1  478 477 466
925 1  479 467 468
926 1  479 478 467
927 1  480 468 469
928 1  480 479 468
929 1  481 469 470
930 1  481 480 469
931 1  482 470 471
932 1  482 481 470
933 1  471 376 482
934 1  471 374 376
935 1  377 375 370
936 1  473 483 472
937 1  472 483 377
938 1  483 378 377
939 1  484 483 473
940 1  474 475 473
941 1  485 484 475
942 1  475 484 473
943 1  486 485 476
944 1  476 485 475
945 1  486 476 477
946 1  487 486 477
947 1  487 477 478
948 1  488 487 478
949 1  489 488 479
950 1  479 488 478
951 1  490 489 480
952 1  480 489 479
953 1  491 490 481
954 1  481 490 480
955 1  481 482 491
956 1  491 482 380
957 1  491 380 379
958 1  376 380 482
959 1  381 378 483
960 1  484 492 381
961 1  483 484 381
962 1  492 382 381
963 1  493 492 485
964 1  485 492 484
965 1  494 485 486
966 1  494 493 485
967 1  495 486 487
968 1  495 494 486
969 1  496 487 488
970 1  496 495 487
971 1  497 488 489
972 1  497 496 488
973 1  498 489 490
974 1  498 497 489
975 1  490 384 498
976 1  498 384 383
977 1  491 384 490
978 1  379 384 491
979 1  385 382 492
980 1  493 385 492
981 1  493 386 385
982 1  494 386 493
983 1  494 387 386
984 1  495 387 494
985 1  495 390 387
986 1  496 390 495
987 1  496 392 390
988 1  497 392 496
989 1  497 394 392
990 1  394 393 392
991 1  498 394 497
992 1  383 394 498

Dihedrals

1 1  5 1 2 3
2 1  12 3 1 2
3 1  2 5 1 14
4 1  3 1 12 28
5 1  28 1 14 5
6 1  14 28 1 12
7 1  121 2 3 1
8 1  122 5 2 1
9 1  122 2 119 121
10 1  119 2 121 3
11 1  119 122 2 5
12 1  13 3 12 1
13 1  130 3 13 12
14 1  130 121 3 2
15 1  13 130 3 121
16 1  14 5 4 7
17 1  16 4 6 7
18 1  5 7 4 6
19 1  5 4 14 15
20 1  16 15 4 14
21 1  6 16 4 15
22 1  122 7 5 4
23 1  4 14 5 1
24 1  7 5 122 2
25 1  8 6 7 4
26 1  18 6 8 7
27 1  18 16 6 4
28 1  8 18 6 16
29 1  124 8 7 6
30 1  5 122 7 124
31 1  8 7 124 122
32 1  133 18 8 6
33 1  7 124 8 126
34 1  133 8 126 124
35 1  126 133 8 18
36 1  25 10 9 13
37 1  27 9 12 13
38 1  10 13 9 12
39 1  26 25 9 10
40 1  27 26 9 25
41 1  12 27 9 26
42 1  129 10 11 25
43 1  127 13 10 9
44 1  9 25 10 11
45 1  13 10 127 129
46 1  11 129 10 127
47 1  23 11 22 25
48 1  137 11 23 22
49 1  22 11 25 10
50 1  137 129 11 10
51 1  23 137 11 129
52 1  3 12 13 9
53 1  28 27 12 9
54 1  27 12 28 1
55 1  130 13 127 10
56 1  3 13 130 127
57 1  29 14 15 4
58 1  29 28 14 1
59 1  15 29 14 28
60 1  17 15 16 4
61 1  16 17 15 30
62 1  30 29 15 14
63 1  17 30 15 29
64 1  15 16 17 19
65 1  19 16 18 6
66 1  18 19 16 17
67 1  32 17 19 16
68 1  31 30 17 15
69 1  32 31 17 30
70 1  19 32 17 31
71 1  132 19 18 16
72 1  19 18 132 133
73 1  132 18 133 8
74 1  33 19 20 132
75 1  33 32 19 17
76 1  32 19 33 20
77 1  18 132 19 20
78 1  140 21 20 33
79 1  21 33 20 19
80 1  134 20 132 19
81 1  140 20 134 132
82 1  21 20 140 134
83 1  43 33 21 20
84 1  43 21 34 35
85 1  140 35 21 34
86 1  34 43 21 33
87 1  35 21 140 20
88 1  11 22 23 24
89 1  37 24 22 23
90 1  40 22 25 11
91 1  40 37 22 24
92 1  25 40 22 37
93 1  143 23 24 22
94 1  11 23 137 144
95 1  144 23 143 24
96 1  143 144 23 137
97 1  22 37 24 38
98 1  153 24 38 37
99 1  153 143 24 23
100 1  38 153 24 143
101 1  40 25 26 9
102 1  26 40 25 22
103 1  146 26 27 9
104 1  155 40 26 25
105 1  155 26 146 27
106 1  146 155 26 40
107 1  147 27 28 12
108 1  147 146 27 26
109 1  146 27 147 28
110 1  147 28 29 14
111 1  29 147 28 27
112 1  148 29 30 15
113 1  148 147 29 28
114 1  30 148 29 147
115 1  149 30 31 17
116 1  29 30 148 149
117 1  31 149 30 148
118 1  41 31 32 17
119 1  160 31 41 32
120 1  160 149 31 30
121 1  41 160 31 149
122 1  43 32 33 19
123 1  43 41 32 31
124 1  33 43 32 41
125 1  32 33 43 21
126 1  36 34 35 21
127 1  45 34 36 35
128 1  51 43 34 21
129 1  51 34 44 45
130 1  36 45 34 44
131 1  44 51 34 43
132 1  150 36 35 34
133 1  142 35 140 21
134 1  140 142 35 150
135 1  142 150 35 36
136 1  175 45 36 34
137 1  161 36 150 35
138 1  175 36 161 150
139 1  161 175 36 45
140 1  49 38 37 24
141 1  49 37 39 40
142 1  22 40 37 39
143 1  39 49 37 38
144 1  47 38 46 49
145 1  153 38 47 46
146 1  37 49 38 46
147 1  47 153 38 24
148 1  155 39 40 37
149 1  37 39 49 50
150 1  166 50 39 49
151 1  166 39 155 40
152 1  50 39 166 155
153 1  26 155 40 39
154 1  160 41 42 51
155 1  51 41 43 32
156 1  43 51 41 42
157 1  42 160 41 31
158 1  174 42 51 41
159 1  172 160 42 41
160 1  160 42 172 173
161 1  174 173 42 172
162 1  51 174 42 173
163 1  41 43 51 34
164 1  54 44 45 34
165 1  174 51 44 34
166 1  174 44 52 54
167 1  45 54 44 52
168 1  52 174 44 51
169 1  175 54 45 44
170 1  54 45 175 36
171 1  38 46 47 48
172 1  55 48 46 47
173 1  57 46 49 38
174 1  57 55 46 48
175 1  49 57 46 55
176 1  163 47 48 46
177 1  38 47 153 164
178 1  48 163 47 164
179 1  153 47 164 163
180 1  46 55 48 56
181 1  177 48 56 55
182 1  177 163 48 47
183 1  163 48 177 56
184 1  57 49 50 39
185 1  50 57 49 46
186 1  49 50 57 58
187 1  179 58 50 57
188 1  179 50 166 39
189 1  58 50 179 166
190 1  42 51 174 44
191 1  60 52 53 54
192 1  44 54 52 53
193 1  185 52 60 53
194 1  185 174 52 44
195 1  60 185 52 174
196 1  61 53 54 52
197 1  61 59 53 60
198 1  52 53 60 59
199 1  54 61 53 59
200 1  62 61 54 53
201 1  175 62 54 61
202 1  62 54 175 45
203 1  64 56 55 48
204 1  66 55 57 46
205 1  66 64 55 56
206 1  57 66 55 64
207 1  65 56 64 55
208 1  187 56 65 64
209 1  187 177 56 48
210 1  177 56 187 65
211 1  66 57 58 50
212 1  58 66 57 55
213 1  57 58 66 67
214 1  189 67 58 66
215 1  189 58 179 50
216 1  67 58 189 179
217 1  69 60 59 53
218 1  71 59 61 53
219 1  71 68 59 69
220 1  68 69 59 60
221 1  68 59 71 61
222 1  198 60 69 59
223 1  198 185 60 52
224 1  185 60 198 69
225 1  63 61 62 54
226 1  71 61 63 62
227 1  63 71 61 59
228 1  186 63 62 61
229 1  176 62 175 54
230 1  175 176 62 186
231 1  63 62 186 176
232 1  200 71 63 61
233 1  279 63 186 62
234 1  71 63 200 279
235 1  186 279 63 200
236 1  72 65 64 56
237 1  73 64 66 55
238 1  73 72 64 65
239 1  66 73 64 72
240 1  203 65 72 64
241 1  201 187 65 56
242 1  203 201 65 187
243 1  72 203 65 201
244 1  74 66 67 58
245 1  74 73 66 64
246 1  67 74 66 73
247 1  76 74 67 66
248 1  189 76 67 74
249 1  76 67 189 58
250 1  81 69 68 59
251 1  210 68 70 71
252 1  59 71 68 70
253 1  82 81 68 69
254 1  81 68 82 210
255 1  70 210 68 82
256 1  198 69 79 81
257 1  79 69 81 68
258 1  79 198 69 60
259 1  200 70 71 68
260 1  210 70 199 200
261 1  71 200 70 199
262 1  68 70 210 199
263 1  63 200 71 70
264 1  84 72 73 64
265 1  73 84 72 202
266 1  84 202 72 203
267 1  202 203 72 65
268 1  83 73 74 66
269 1  74 83 73 84
270 1  72 73 84 83
271 1  83 74 75 76
272 1  67 76 74 75
273 1  75 83 74 73
274 1  77 75 76 74
275 1  86 75 77 76
276 1  85 83 75 74
277 1  86 85 75 83
278 1  77 86 75 85
279 1  204 77 76 75
280 1  204 76 189 67
281 1  189 204 76 77
282 1  75 77 86 88
283 1  204 87 77 88
284 1  87 88 77 86
285 1  87 77 204 76
286 1  81 78 79 80
287 1  92 80 78 79
288 1  82 78 81 79
289 1  81 82 78 93
290 1  93 92 78 80
291 1  82 93 78 92
292 1  209 79 80 78
293 1  69 81 79 78
294 1  198 79 197 209
295 1  69 79 198 197
296 1  80 209 79 197
297 1  90 80 89 92
298 1  209 80 90 89
299 1  78 92 80 89
300 1  90 209 80 79
301 1  78 81 82 68
302 1  94 93 82 78
303 1  210 94 82 93
304 1  94 82 210 68
305 1  95 84 83 73
306 1  95 83 85 75
307 1  85 95 83 84
308 1  202 84 95 83
309 1  95 202 84 72
310 1  97 85 86 75
311 1  96 95 85 83
312 1  97 96 85 95
313 1  86 97 85 96
314 1  98 86 88 77
315 1  98 97 86 85
316 1  88 98 86 97
317 1  214 88 87 77
318 1  205 87 191 204
319 1  77 204 87 191
320 1  191 205 87 214
321 1  205 214 87 88
322 1  100 98 88 86
323 1  214 100 88 98
324 1  100 88 214 87
325 1  80 89 90 91
326 1  104 91 89 90
327 1  106 89 92 80
328 1  105 104 89 91
329 1  106 105 89 104
330 1  92 106 89 105
331 1  208 90 91 89
332 1  209 90 208 91
333 1  80 90 209 208
334 1  216 91 102 104
335 1  102 91 104 89
336 1  216 208 91 90
337 1  102 216 91 208
338 1  107 92 93 78
339 1  107 106 92 89
340 1  93 107 92 106
341 1  108 93 94 82
342 1  92 93 107 108
343 1  94 108 93 107
344 1  224 108 94 93
345 1  82 210 94 217
346 1  224 94 217 210
347 1  217 224 94 108
348 1  220 95 96 85
349 1  84 95 202 212
350 1  220 212 95 202
351 1  96 220 95 212
352 1  109 96 97 85
353 1  226 96 109 97
354 1  226 220 96 95
355 1  220 96 226 109
356 1  110 97 98 86
357 1  110 109 97 96
358 1  98 110 97 109
359 1  88 100 98 111
360 1  111 110 98 97
361 1  110 98 111 100
362 1  111 100 99 101
363 1  113 99 101 100
364 1  112 111 99 100
365 1  111 99 112 113
366 1  101 113 99 112
367 1  215 101 100 99
368 1  99 111 100 98
369 1  215 100 214 88
370 1  214 215 100 101
371 1  103 101 102 215
372 1  113 101 103 102
373 1  103 113 101 99
374 1  100 215 101 102
375 1  104 103 102 101
376 1  91 104 102 103
377 1  216 102 215 101
378 1  91 102 216 215
379 1  115 103 104 102
380 1  101 103 113 114
381 1  113 103 114 115
382 1  114 103 115 104
383 1  115 104 105 89
384 1  105 115 104 103
385 1  116 105 106 89
386 1  104 105 115 116
387 1  106 116 105 115
388 1  117 106 107 92
389 1  105 106 116 117
390 1  107 117 106 116
391 1  222 107 108 93
392 1  222 117 107 106
393 1  117 107 222 108
394 1  223 222 108 107
395 1  224 223 108 222
396 1  94 224 108 223
397 1  228 109 110 97
398 1  228 226 109 96
399 1  110 228 109 226
400 1  229 110 111 98
401 1  229 228 110 109
402 1  111 229 110 228
403 1  229 111 112 99
404 1  112 229 111 110
405 1  118 112 113 99
406 1  237 112 118 113
407 1  237 229 112 111
408 1  118 237 112 229
409 1  118 113 114 103
410 1  112 113 118 114
411 1  230 114 115 103
412 1  238 118 114 113
413 1  239 114 230 115
414 1  118 114 238 239
415 1  230 239 114 238
416 1  230 115 116 105
417 1  116 230 115 114
418 1  232 116 117 106
419 1  115 116 230 231
420 1  232 231 116 230
421 1  231 116 232 117
422 1  107 222 117 233
423 1  233 232 117 116
424 1  222 233 117 232
425 1  112 118 237 304
426 1  304 118 238 114
427 1  238 304 118 237
428 1  123 119 120 242
429 1  242 119 121 2
430 1  2 119 122 123
431 1  122 119 123 120
432 1  121 242 119 120
433 1  246 123 120 119
434 1  243 120 242 119
435 1  242 243 120 245
436 1  246 120 245 243
437 1  123 120 246 245
438 1  131 121 130 3
439 1  242 121 131 130
440 1  131 242 121 119
441 1  124 122 123 119
442 1  7 122 124 123
443 1  125 124 123 122
444 1  246 125 123 124
445 1  125 123 246 120
446 1  126 124 125 123
447 1  8 124 126 125
448 1  249 126 125 124
449 1  247 125 246 123
450 1  249 125 247 246
451 1  247 249 125 126
452 1  248 133 126 8
453 1  133 126 248 249
454 1  248 126 249 125
455 1  131 127 128 129
456 1  10 129 127 128
457 1  13 127 130 131
458 1  128 131 127 130
459 1  138 128 129 127
460 1  254 131 128 127
461 1  129 138 128 251
462 1  138 251 128 254
463 1  131 128 254 251
464 1  138 129 137 11
465 1  128 129 138 137
466 1  121 130 131 127
467 1  121 131 242 244
468 1  254 244 131 242
469 1  128 254 131 244
470 1  18 133 132 135
471 1  20 132 134 135
472 1  134 132 135 133
473 1  248 135 133 132
474 1  135 133 248 126
475 1  136 134 135 132
476 1  141 134 136 135
477 1  141 140 134 20
478 1  136 141 134 140
479 1  255 136 135 134
480 1  255 135 248 133
481 1  136 135 255 248
482 1  260 141 136 134
483 1  256 136 255 135
484 1  260 136 256 255
485 1  141 136 260 256
486 1  129 137 138 139
487 1  144 139 137 138
488 1  139 137 144 23
489 1  253 138 139 137
490 1  253 251 138 128
491 1  251 138 253 139
492 1  257 139 144 137
493 1  257 253 139 138
494 1  144 257 139 253
495 1  142 140 141 134
496 1  35 140 142 141
497 1  261 142 141 140
498 1  261 141 260 136
499 1  260 261 141 142
500 1  35 142 150 151
501 1  261 151 142 150
502 1  151 142 261 141
503 1  23 143 144 145
504 1  154 145 143 144
505 1  24 153 143 154
506 1  145 143 154 153
507 1  257 144 145 143
508 1  139 144 257 145
509 1  262 145 154 143
510 1  262 257 145 144
511 1  154 262 145 257
512 1  157 146 147 27
513 1  26 146 155 156
514 1  157 156 146 155
515 1  147 157 146 156
516 1  157 147 148 29
517 1  148 157 147 146
518 1  158 148 149 30
519 1  147 148 157 158
520 1  149 158 148 157
521 1  148 149 158 159
522 1  160 159 149 158
523 1  159 149 160 31
524 1  152 150 151 142
525 1  161 150 152 151
526 1  152 161 150 36
527 1  264 152 151 150
528 1  263 151 261 142
529 1  264 151 263 261
530 1  152 151 264 263
531 1  150 152 161 162
532 1  268 162 152 161
533 1  268 152 264 151
534 1  162 152 268 264
535 1  164 154 153 143
536 1  154 153 164 47
537 1  265 154 164 153
538 1  266 262 154 145
539 1  164 265 154 266
540 1  265 266 154 262
541 1  167 155 156 146
542 1  167 166 155 39
543 1  156 167 155 166
544 1  169 156 157 146
545 1  168 167 156 155
546 1  169 168 156 167
547 1  157 169 156 168
548 1  169 157 158 148
549 1  158 169 157 156
550 1  170 158 159 149
551 1  170 169 158 157
552 1  159 170 158 169
553 1  172 159 160 149
554 1  171 170 159 158
555 1  172 171 159 170
556 1  160 172 159 171
557 1  42 172 160 159
558 1  176 161 162 152
559 1  176 175 161 36
560 1  162 176 161 175
561 1  272 176 162 161
562 1  273 162 268 152
563 1  273 272 162 176
564 1  268 273 162 272
565 1  47 163 164 165
566 1  178 165 163 164
567 1  48 177 163 178
568 1  165 163 178 177
569 1  265 164 165 163
570 1  154 164 265 165
571 1  269 165 178 163
572 1  164 165 265 267
573 1  269 267 165 265
574 1  178 269 165 267
575 1  180 166 167 155
576 1  180 179 166 50
577 1  167 180 166 179
578 1  180 167 168 156
579 1  168 180 167 166
580 1  270 168 169 156
581 1  181 180 168 167
582 1  270 181 168 180
583 1  181 168 270 169
584 1  270 169 170 158
585 1  170 270 169 168
586 1  271 170 171 159
587 1  169 170 270 271
588 1  171 271 170 270
589 1  182 171 172 159
590 1  278 171 182 172
591 1  278 271 171 170
592 1  182 278 171 271
593 1  182 172 173 42
594 1  173 182 172 171
595 1  185 173 174 42
596 1  184 182 173 172
597 1  185 184 173 182
598 1  184 173 185 174
599 1  52 185 174 173
600 1  62 175 176 161
601 1  272 186 176 62
602 1  186 176 272 162
603 1  187 178 177 163
604 1  56 187 177 178
605 1  188 178 187 177
606 1  275 178 188 187
607 1  275 269 178 165
608 1  188 275 178 269
609 1  190 179 180 166
610 1  190 189 179 58
611 1  189 179 190 180
612 1  190 180 181 168
613 1  181 190 180 179
614 1  192 190 181 180
615 1  276 192 181 190
616 1  168 270 181 276
617 1  192 181 276 270
618 1  278 182 183 184
619 1  173 184 182 183
620 1  183 278 182 171
621 1  197 183 184 182
622 1  195 183 194 197
623 1  278 183 195 194
624 1  184 197 183 194
625 1  182 183 278 195
626 1  198 184 185 173
627 1  198 197 184 183
628 1  185 198 184 197
629 1  60 198 185 184
630 1  280 186 272 176
631 1  63 186 279 280
632 1  272 280 186 279
633 1  201 188 187 178
634 1  65 201 187 188
635 1  285 188 201 187
636 1  281 275 188 178
637 1  285 281 188 275
638 1  201 285 188 281
639 1  204 189 190 179
640 1  190 204 189 76
641 1  204 190 191 192
642 1  181 192 190 191
643 1  191 204 190 189
644 1  193 191 192 190
645 1  205 191 193 192
646 1  190 191 204 87
647 1  87 191 205 193
648 1  282 193 192 191
649 1  282 192 276 181
650 1  276 282 192 193
651 1  282 196 193 207
652 1  206 205 193 191
653 1  205 193 206 207
654 1  196 207 193 206
655 1  196 193 282 192
656 1  183 194 195 196
657 1  208 196 194 195
658 1  209 194 197 183
659 1  209 208 194 196
660 1  197 209 194 208
661 1  282 195 196 194
662 1  282 277 195 278
663 1  277 278 195 183
664 1  196 282 195 277
665 1  193 196 207 208
666 1  207 196 208 194
667 1  193 282 196 195
668 1  79 197 198 184
669 1  79 209 197 194
670 1  283 199 200 70
671 1  217 210 199 70
672 1  217 199 211 283
673 1  211 217 199 210
674 1  200 283 199 211
675 1  283 200 279 63
676 1  199 200 283 279
677 1  286 201 203 65
678 1  188 201 285 286
679 1  203 286 201 285
680 1  213 203 202 72
681 1  95 212 202 213
682 1  203 202 213 212
683 1  286 203 213 202
684 1  213 286 203 201
685 1  214 205 206 193
686 1  206 214 205 87
687 1  216 206 207 193
688 1  205 206 214 215
689 1  216 215 206 214
690 1  215 206 216 207
691 1  216 207 208 196
692 1  208 216 207 206
693 1  90 208 209 194
694 1  91 216 208 207
695 1  94 210 217 199
696 1  199 211 217 218
697 1  287 218 211 217
698 1  288 211 283 199
699 1  218 211 287 288
700 1  283 288 211 287
701 1  219 213 212 202
702 1  221 219 212 213
703 1  221 212 220 95
704 1  220 221 212 219
705 1  290 213 219 212
706 1  290 286 213 203
707 1  219 290 213 286
708 1  100 214 215 206
709 1  102 215 216 206
710 1  224 217 218 211
711 1  218 224 217 94
712 1  295 224 218 217
713 1  211 287 218 291
714 1  295 218 291 287
715 1  291 295 218 224
716 1  293 219 221 212
717 1  292 290 219 213
718 1  293 292 219 290
719 1  292 219 293 221
720 1  225 221 220 212
721 1  226 225 220 221
722 1  96 226 220 225
723 1  293 221 225 220
724 1  225 293 221 219
725 1  234 222 223 108
726 1  234 233 222 117
727 1  223 234 222 233
728 1  295 223 224 108
729 1  294 234 223 222
730 1  234 223 294 295
731 1  224 295 223 294
732 1  218 295 224 223
733 1  220 226 225 227
734 1  297 225 227 226
735 1  297 293 225 221
736 1  293 225 297 227
737 1  228 227 226 225
738 1  227 226 228 109
739 1  226 228 227 235
740 1  300 227 235 228
741 1  300 297 227 225
742 1  297 227 300 235
743 1  236 228 229 110
744 1  236 235 228 227
745 1  229 236 228 235
746 1  237 236 229 228
747 1  112 237 229 236
748 1  239 230 231 116
749 1  231 239 230 114
750 1  241 231 232 116
751 1  230 231 239 240
752 1  241 240 231 239
753 1  232 241 231 240
754 1  241 232 233 117
755 1  233 241 232 231
756 1  298 233 234 222
757 1  298 241 233 232
758 1  241 233 298 234
759 1  223 294 234 299
760 1  299 298 234 233
761 1  294 299 234 298
762 1  302 235 236 228
763 1  301 300 235 227
764 1  302 301 235 300
765 1  236 302 235 301
766 1  303 236 237 229
767 1  303 302 236 235
768 1  237 303 236 302
769 1  304 303 237 236
770 1  303 237 304 118
771 1  305 238 239 114
772 1  310 304 238 118
773 1  310 238 305 239
774 1  305 310 238 304
775 1  305 239 240 231
776 1  240 305 239 238
777 1  307 240 241 231
778 1  306 305 240 239
779 1  307 306 240 305
780 1  241 307 240 306
781 1  308 241 298 233
782 1  240 241 307 308
783 1  298 308 241 307
784 1  244 243 242 120
785 1  243 242 244 131
786 1  242 244 243 312
787 1  314 245 243 120
788 1  314 243 312 244
789 1  245 243 314 312
790 1  312 244 254 131
791 1  254 312 244 243
792 1  315 246 245 120
793 1  315 245 313 314
794 1  243 314 245 313
795 1  313 315 245 246
796 1  315 247 246 125
797 1  247 246 315 245
798 1  316 249 247 125
799 1  246 315 247 317
800 1  249 247 316 317
801 1  315 317 247 316
802 1  250 248 249 126
803 1  249 250 248 255
804 1  135 248 255 250
805 1  248 249 250 316
806 1  247 316 249 250
807 1  325 255 250 248
808 1  249 316 250 318
809 1  325 250 318 316
810 1  318 325 250 255
811 1  320 251 252 253
812 1  252 251 253 138
813 1  128 251 254 320
814 1  252 320 251 254
815 1  258 252 253 251
816 1  253 258 252 319
817 1  321 252 319 258
818 1  321 320 252 251
819 1  319 321 252 320
820 1  258 253 257 139
821 1  252 253 258 257
822 1  320 312 254 244
823 1  312 254 320 251
824 1  325 256 255 136
825 1  256 255 325 250
826 1  330 260 256 136
827 1  255 325 256 326
828 1  330 256 326 325
829 1  326 330 256 260
830 1  259 258 257 253
831 1  258 257 259 262
832 1  145 262 257 259
833 1  257 259 258 327
834 1  327 319 258 252
835 1  319 258 327 259
836 1  332 259 262 257
837 1  333 327 259 258
838 1  262 332 259 333
839 1  332 333 259 327
840 1  263 261 260 141
841 1  330 263 260 261
842 1  263 260 330 256
843 1  260 263 261 151
844 1  332 262 266 154
845 1  266 332 262 259
846 1  334 264 263 151
847 1  331 263 330 260
848 1  334 263 331 330
849 1  264 263 334 331
850 1  335 268 264 152
851 1  263 334 264 335
852 1  268 264 335 334
853 1  267 266 265 154
854 1  266 265 267 165
855 1  265 267 266 336
856 1  336 332 266 262
857 1  332 266 336 267
858 1  339 267 269 165
859 1  339 336 267 266
860 1  269 339 267 336
861 1  338 273 268 162
862 1  264 335 268 338
863 1  273 268 338 335
864 1  351 269 275 178
865 1  351 339 269 267
866 1  275 351 269 339
867 1  276 270 271 170
868 1  271 276 270 181
869 1  270 271 276 277
870 1  278 277 271 276
871 1  277 271 278 171
872 1  274 272 273 162
873 1  280 272 274 273
874 1  186 272 280 274
875 1  349 274 273 272
876 1  349 273 338 268
877 1  274 273 349 338
878 1  357 280 274 272
879 1  357 274 349 273
880 1  280 274 357 349
881 1  351 275 281 188
882 1  281 351 275 269
883 1  282 276 277 271
884 1  192 276 282 277
885 1  195 277 278 271
886 1  195 282 277 276
887 1  284 279 280 186
888 1  284 283 279 200
889 1  280 284 279 283
890 1  357 284 280 279
891 1  284 280 357 274
892 1  359 281 285 188
893 1  360 351 281 275
894 1  285 359 281 360
895 1  351 281 360 359
896 1  288 283 284 279
897 1  284 288 283 211
898 1  367 288 284 283
899 1  280 357 284 367
900 1  288 284 367 357
901 1  289 285 286 201
902 1  286 289 285 359
903 1  281 285 359 289
904 1  285 286 289 290
905 1  213 290 286 289
906 1  374 287 288 211
907 1  376 291 287 218
908 1  376 287 374 288
909 1  291 287 376 374
910 1  284 367 288 374
911 1  367 374 288 287
912 1  375 289 290 286
913 1  369 359 289 285
914 1  375 369 289 359
915 1  290 375 289 369
916 1  375 290 292 219
917 1  292 375 290 289
918 1  380 295 291 218
919 1  380 291 376 287
920 1  295 291 380 376
921 1  378 292 293 219
922 1  290 292 375 377
923 1  378 377 292 375
924 1  293 378 292 377
925 1  378 293 296 297
926 1  225 297 293 296
927 1  296 378 293 292
928 1  380 294 295 223
929 1  379 299 294 234
930 1  299 294 379 380
931 1  295 380 294 379
932 1  291 380 295 294
933 1  382 296 297 293
934 1  381 378 296 293
935 1  382 381 296 378
936 1  297 382 296 381
937 1  382 297 300 227
938 1  300 382 297 296
939 1  383 298 299 234
940 1  383 308 298 241
941 1  308 298 383 299
942 1  294 379 299 384
943 1  298 299 383 384
944 1  379 384 299 383
945 1  385 300 301 235
946 1  297 300 382 385
947 1  301 385 300 382
948 1  388 301 302 235
949 1  300 301 385 386
950 1  388 386 301 385
951 1  302 388 301 386
952 1  309 302 303 236
953 1  388 302 309 303
954 1  309 388 302 301
955 1  310 303 304 237
956 1  310 309 303 302
957 1  309 303 310 304
958 1  303 304 310 238
959 1  311 305 306 240
960 1  238 305 310 311
961 1  306 311 305 310
962 1  393 306 307 240
963 1  391 311 306 305
964 1  311 306 391 393
965 1  307 393 306 391
966 1  393 307 308 241
967 1  308 393 307 306
968 1  298 383 308 394
969 1  307 308 393 394
970 1  383 394 308 393
971 1  311 309 310 303
972 1  310 311 309 389
973 1  389 388 309 302
974 1  311 389 309 388
975 1  309 310 311 305
976 1  391 389 311 309
977 1  306 391 311 389
978 1  322 314 312 243
979 1  322 312 320 254
980 1  314 312 322 320
981 1  395 313 314 245
982 1  396 315 313 245
983 1  399 313 395 314
984 1  399 396 313 315
985 1  395 399 313 396
986 1  395 314 322 312
987 1  322 395 314 313
988 1  396 317 315 247
989 1  317 315 396 313
990 1  323 316 317 247
991 1  323 318 316 250
992 1  318 316 323 317
993 1  401 323 317 316
994 1  401 317 396 315
995 1  396 401 317 323
996 1  316 323 318 324
997 1  325 318 324 323
998 1  250 318 325 324
999 1  329 321 319 252
1000 1  328 319 327 258
1001 1  329 319 328 327
1002 1  321 319 329 328
1003 1  322 320 321 252
1004 1  321 322 320 312
1005 1  397 322 321 320
1006 1  397 321 329 319
1007 1  329 397 321 322
1008 1  314 322 395 397
1009 1  395 322 397 321
1010 1  402 324 323 318
1011 1  402 323 401 317
1012 1  401 402 323 324
1013 1  326 325 324 318
1014 1  403 326 324 325
1015 1  403 324 402 323
1016 1  326 324 403 402
1017 1  324 326 325 256
1018 1  412 330 326 256
1019 1  412 326 403 324
1020 1  403 412 326 330
1021 1  333 328 327 319
1022 1  328 327 333 259
1023 1  404 329 328 319
1024 1  413 328 333 327
1025 1  413 404 328 329
1026 1  404 328 413 333
1027 1  405 397 329 321
1028 1  405 329 404 328
1029 1  404 405 329 397
1030 1  412 331 330 263
1031 1  331 330 412 326
1032 1  423 334 331 263
1033 1  422 331 412 330
1034 1  423 331 422 412
1035 1  422 423 331 334
1036 1  337 333 332 259
1037 1  337 332 336 266
1038 1  333 332 337 336
1039 1  424 333 337 332
1040 1  328 333 413 424
1041 1  337 424 333 413
1042 1  423 335 334 264
1043 1  335 334 423 331
1044 1  434 338 335 268
1045 1  434 335 423 334
1046 1  423 434 335 338
1047 1  340 337 336 332
1048 1  267 339 336 340
1049 1  337 336 340 339
1050 1  424 337 340 336
1051 1  340 424 337 333
1052 1  350 349 338 273
1053 1  434 350 338 349
1054 1  350 338 434 335
1055 1  435 340 339 336
1056 1  435 339 351 269
1057 1  351 435 339 340
1058 1  436 424 340 337
1059 1  436 340 435 339
1060 1  424 340 436 435
1061 1  352 341 342 343
1062 1  345 343 341 342
1063 1  354 344 341 345
1064 1  343 341 345 344
1065 1  354 341 352 342
1066 1  352 354 341 344
1067 1  427 342 343 341
1068 1  341 342 352 353
1069 1  439 353 342 352
1070 1  343 427 342 439
1071 1  353 342 439 427
1072 1  429 343 345 341
1073 1  428 427 343 342
1074 1  429 428 343 427
1075 1  345 429 343 428
1076 1  346 345 344 341
1077 1  355 346 344 345
1078 1  355 344 354 341
1079 1  346 344 355 354
1080 1  344 346 345 347
1081 1  429 345 347 346
1082 1  347 429 345 343
1083 1  348 347 346 345
1084 1  356 348 346 347
1085 1  356 346 355 344
1086 1  355 356 346 348
1087 1  431 347 348 346
1088 1  345 347 429 430
1089 1  431 430 347 429
1090 1  348 431 347 430
1091 1  440 348 356 346
1092 1  432 431 348 347
1093 1  440 432 348 431
1094 1  356 440 348 432
1095 1  358 349 350 338
1096 1  274 349 357 358
1097 1  350 358 349 357
1098 1  452 358 350 349
1099 1  338 434 350 443
1100 1  452 350 443 434
1101 1  443 452 350 358
1102 1  444 351 360 281
1103 1  339 351 435 444
1104 1  360 444 351 435
1105 1  363 352 353 342
1106 1  362 354 352 341
1107 1  354 352 362 363
1108 1  362 352 363 353
1109 1  448 363 353 352
1110 1  342 439 353 447
1111 1  448 353 447 439
1112 1  363 353 448 447
1113 1  364 355 354 344
1114 1  364 354 362 352
1115 1  355 354 364 362
1116 1  365 356 355 346
1117 1  354 364 355 365
1118 1  356 355 365 364
1119 1  355 365 356 449
1120 1  348 356 440 449
1121 1  440 356 449 365
1122 1  367 357 358 349
1123 1  284 357 367 358
1124 1  357 358 367 368
1125 1  452 368 358 367
1126 1  368 358 452 350
1127 1  361 360 359 281
1128 1  369 361 359 360
1129 1  361 359 369 289
1130 1  444 360 361 359
1131 1  361 444 360 351
1132 1  359 369 361 370
1133 1  461 361 370 369
1134 1  360 361 444 453
1135 1  461 453 361 444
1136 1  370 461 361 453
1137 1  371 362 363 352
1138 1  372 364 362 354
1139 1  372 362 371 363
1140 1  371 372 362 364
1141 1  456 371 363 362
1142 1  353 448 363 456
1143 1  371 363 456 448
1144 1  373 365 364 355
1145 1  373 364 372 362
1146 1  365 364 373 372
1147 1  449 365 366 373
1148 1  366 365 373 364
1149 1  366 449 365 356
1150 1  467 366 373 365
1151 1  457 449 366 365
1152 1  468 457 366 449
1153 1  373 467 366 468
1154 1  457 366 468 467
1155 1  374 367 368 358
1156 1  288 367 374 368
1157 1  471 374 368 367
1158 1  358 452 368 460
1159 1  471 368 460 452
1160 1  460 471 368 374
1161 1  375 370 369 361
1162 1  289 375 369 370
1163 1  377 370 375 369
1164 1  375 377 370 472
1165 1  472 461 370 361
1166 1  377 472 370 461
1167 1  465 372 371 362
1168 1  363 456 371 464
1169 1  456 464 371 465
1170 1  372 371 465 464
1171 1  466 373 372 364
1172 1  371 465 372 466
1173 1  373 372 466 465
1174 1  372 466 373 467
1175 1  366 373 467 466
1176 1  471 376 374 287
1177 1  376 374 471 368
1178 1  370 375 377 292
1179 1  482 380 376 291
1180 1  374 471 376 482
1181 1  380 376 482 471
1182 1  483 377 378 292
1183 1  483 472 377 370
1184 1  378 483 377 472
1185 1  483 378 381 296
1186 1  381 483 378 377
1187 1  491 379 380 294
1188 1  491 384 379 299
1189 1  384 379 491 380
1190 1  376 482 380 491
1191 1  379 380 491 482
1192 1  492 381 382 296
1193 1  484 483 381 378
1194 1  483 381 484 492
1195 1  382 492 381 484
1196 1  492 382 385 300
1197 1  385 492 382 381
1198 1  498 383 384 299
1199 1  498 394 383 308
1200 1  394 383 498 384
1201 1  491 490 384 498
1202 1  379 491 384 490
1203 1  383 384 498 490
1204 1  493 385 386 301
1205 1  493 492 385 382
1206 1  386 493 385 492
1207 1  494 386 387 388
1208 1  387 386 388 301
1209 1  494 493 386 385
1210 1  387 494 386 493
1211 1  389 387 388 386
1212 1  388 389 387 390
1213 1  495 387 390 389
1214 1  495 494 387 386
1215 1  390 495 387 494
1216 1  309 389 388 387
1217 1  391 390 389 387
1218 1  311 391 389 390
1219 1  389 391 390 392
1220 1  496 390 392 391
1221 1  496 495 390 387
1222 1  392 496 390 495
1223 1  393 392 391 390
1224 1  306 393 391 392
1225 1  394 392 393 391
1226 1  393 394 392 497
1227 1  497 496 392 390
1228 1  394 497 392 496
1229 1  392 393 394 308
1230 1  498 497 394 392
1231 1  383 498 394 497
1232 1  398 395 397 322
1233 1  399 395 398 397
1234 1  313 395 399 398
1235 1  400 396 399 313
1236 1  401 396 400 399
1237 1  400 401 396 317
1238 1  405 398 397 395
1239 1  398 397 405 329
1240 1  407 399 398 395
1241 1  397 405 398 406
1242 1  407 398 406 405
1243 1  406 407 398 399
1244 1  407 400 399 396
1245 1  400 399 407 398
1246 1  409 401 400 396
1247 1  408 400 407 399
1248 1  409 400 408 407
1249 1  408 409 400 401
1250 1  409 402 401 323
1251 1  402 401 409 400
1252 1  410 403 402 324
1253 1  410 402 409 401
1254 1  403 402 410 409
1255 1  402 410 403 411
1256 1  412 403 411 410
1257 1  411 412 403 326
1258 1  415 405 404 329
1259 1  328 413 404 414
1260 1  415 404 414 413
1261 1  414 415 404 405
1262 1  415 406 405 398
1263 1  406 405 415 404
1264 1  417 407 406 398
1265 1  416 406 415 405
1266 1  417 406 416 415
1267 1  416 417 406 407
1268 1  417 408 407 400
1269 1  408 407 417 406
1270 1  419 409 408 400
1271 1  418 408 417 407
1272 1  419 408 418 417
1273 1  418 419 408 409
1274 1  419 410 409 402
1275 1  410 409 419 408
1276 1  420 411 410 403
1277 1  409 419 410 420
1278 1  411 410 420 419
1279 1  422 412 411 403
1280 1  410 420 411 421
1281 1  422 411 421 420
1282 1  412 411 422 421
1283 1  331 412 422 411
1284 1  425 414 413 404
1285 1  425 413 424 333
1286 1  424 425 413 414
1287 1  426 415 414 404
1288 1  438 414 425 413
1289 1  438 426 414 415
1290 1  425 438 414 426
1291 1  426 416 415 406
1292 1  416 415 426 414
1293 1  428 417 416 406
1294 1  427 416 426 415
1295 1  428 416 427 426
1296 1  427 428 416 417
1297 1  428 418 417 408
1298 1  418 417 428 416
1299 1  430 419 418 408
1300 1  417 428 418 429
1301 1  430 418 429 428
1302 1  429 430 418 419
1303 1  430 420 419 410
1304 1  420 419 430 418
1305 1  431 421 420 411
1306 1  419 430 420 431
1307 1  421 420 431 430
1308 1  433 422 421 411
1309 1  420 431 421 432
1310 1  433 421 432 431
1311 1  422 421 433 432
1312 1  433 423 422 331
1313 1  423 422 433 421
1314 1  442 423 433 422
1315 1  335 423 434 442
1316 1  433 442 423 434
1317 1  436 425 424 413
1318 1  425 424 436 340
1319 1  424 436 425 437
1320 1  438 425 437 436
1321 1  437 438 425 414
1322 1  439 427 426 416
1323 1  439 426 438 414
1324 1  438 439 426 427
1325 1  343 428 427 416
1326 1  342 427 439 426
1327 1  343 429 428 418
1328 1  347 430 429 418
1329 1  347 431 430 420
1330 1  348 432 431 421
1331 1  441 433 432 421
1332 1  348 440 432 441
1333 1  433 432 441 440
1334 1  442 433 441 432
1335 1  423 433 442 441
1336 1  443 434 442 423
1337 1  350 434 443 442
1338 1  445 436 435 340
1339 1  445 435 444 351
1340 1  436 435 445 444
1341 1  445 437 436 425
1342 1  437 436 445 435
1343 1  447 438 437 425
1344 1  446 437 445 436
1345 1  447 437 446 445
1346 1  446 447 437 438
1347 1  447 439 438 426
1348 1  439 438 447 437
1349 1  438 447 439 353
1350 1  451 441 440 432
1351 1  450 440 449 356
1352 1  451 440 450 449
1353 1  450 451 440 441
1354 1  451 442 441 433
1355 1  442 441 451 440
1356 1  451 443 442 434
1357 1  443 442 451 441
1358 1  459 443 451 442
1359 1  350 443 452 459
1360 1  451 459 443 452
1361 1  453 445 444 435
1362 1  361 453 444 445
1363 1  453 446 445 437
1364 1  446 445 453 444
1365 1  455 447 446 437
1366 1  454 446 453 445
1367 1  455 446 454 453
1368 1  454 455 446 447
1369 1  455 448 447 353
1370 1  448 447 455 446
1371 1  463 448 455 447
1372 1  363 448 456 463
1373 1  455 463 448 456
1374 1  457 450 449 440
1375 1  450 449 457 366
1376 1  459 451 450 440
1377 1  449 457 450 458
1378 1  459 450 458 457
1379 1  458 459 450 451
1380 1  443 451 459 450
1381 1  460 452 459 443
1382 1  368 452 460 459
1383 1  461 454 453 446
1384 1  454 453 461 361
1385 1  463 455 454 446
1386 1  462 454 461 453
1387 1  463 454 462 461
1388 1  455 454 463 462
1389 1  448 455 463 454
1390 1  474 456 463 448
1391 1  371 456 464 474
1392 1  463 474 456 464
1393 1  469 458 457 450
1394 1  469 457 468 366
1395 1  468 469 457 458
1396 1  460 459 458 450
1397 1  470 460 458 459
1398 1  470 458 469 457
1399 1  460 458 470 469
1400 1  458 460 459 452
1401 1  458 470 460 471
1402 1  368 460 471 470
1403 1  472 462 461 454
1404 1  462 461 472 370
1405 1  474 463 462 454
1406 1  461 472 462 473
1407 1  474 462 473 472
1408 1  473 474 462 463
1409 1  456 463 474 462
1410 1  476 465 464 371
1411 1  475 464 474 456
1412 1  476 464 475 474
1413 1  465 464 476 475
1414 1  477 466 465 372
1415 1  477 465 476 464
1416 1  476 477 465 466
1417 1  478 467 466 373
1418 1  478 466 477 465
1419 1  477 478 466 467
1420 1  479 468 467 366
1421 1  479 467 478 466
1422 1  478 479 467 468
1423 1  480 469 468 457
1424 1  480 468 479 467
1425 1  479 480 468 469
1426 1  481 470 469 458
1427 1  481 469 480 468
1428 1  480 481 469 470
1429 1  482 471 470 460
1430 1  482 470 481 469
1431 1  481 482 470 471
1432 1  376 471 482 470
1433 1  483 473 472 462
1434 1  377 483 472 473
1435 1  475 474 473 462
1436 1  484 475 473 474
1437 1  484 473 483 472
1438 1  475 473 484 483
1439 1  473 475 474 464
1440 1  485 476 475 464
1441 1  473 484 475 485
1442 1  476 475 485 484
1443 1  486 477 476 465
1444 1  475 485 476 486
1445 1  477 476 486 485
1446 1  487 478 477 466
1447 1  487 477 486 476
1448 1  478 477 487 486
1449 1  488 479 478 467
1450 1  488 478 487 477
1451 1  479 478 488 487
1452 1  489 480 479 468
1453 1  478 488 479 489
1454 1  480 479 489 488
1455 1  490 481 480 469
1456 1  479 489 480 490
1457 1  481 480 490 489
1458 1  491 482 481 470
1459 1  480 490 481 491
1460 1  482 481 491 490
1461 1  380 482 491 481
1462 1  381 484 483 473
1463 1  492 485 484 475
1464 1  485 484 492 381
1465 1  494 486 485 476
1466 1  484 492 485 493
1467 1  494 485 493 492
1468 1  493 494 485 486
1469 1  495 487 486 477
1470 1  495 486 494 485
1471 1  494 495 486 487
1472 1  496 488 487 478
1473 1  496 487 495 486
1474 1  495 496 487 488
1475 1  497 489 488 479
1476 1  497 488 496 487
1477 1  496 497 488 489
1478 1  498 490 489 480
1479 1  498 489 497 488
1480 1  497 498 489 490
1481 1  384 491 490 481
1482 1  384 490 498 489
1483 1  385 493 492 485
1484 1  386 494 493 485
1485 1  387 495 494 486
1486 1  390 496 495 487
1487 1  392 497 496 488
1488 1  394 498 497 489
