-3.706732988357543945e-01 -5.752482414245605469e-01 -3.346159458160400391e+00
-3.341696262359619141e-01 -2.649548053741455078e-01 -3.654319047927856445e+00
-4.180976152420043945e-01 -9.665546417236328125e-01 -3.320024251937866211e+00
-3.433147668838500977e-01 -1.021699905395507812e-01 -3.015491008758544922e+00
-6.761791706085205078e-01 -1.392526626586914062e-01 -3.797937393188476562e+00
-1.037957668304443359e-01 -1.880800724029541016e-01 -3.249535560607910156e+00
1.945760250091552734e-01 -1.722099781036376953e-01 -3.037140846252441406e+00
1.625394821166992188e-02 -8.552991151809692383e-01 -3.473089456558227539e+00
2.611925601959228516e-01 -2.258718013763427734e-01 -3.577833652496337891e+00
6.390299797058105469e-01 -7.403445243835449219e-01 -3.325566291809082031e+00
8.387324810028076172e-01 -1.214761734008789062e-01 -3.480432271957397461e+00
1.594114303588867188e-02 -6.827161312103271484e-01 -3.108004093170166016e+00
2.413711547851562500e-01 -5.103394985198974609e-01 -3.669622659683227539e+00
-3.513234853744506836e-01 7.450313568115234375e-01 -3.219045877456665039e+00
-8.882846832275390625e-01 2.690367698669433594e-01 -3.487911462783813477e+00
-2.427339553833007812e-01 1.680171489715576172e-01 -3.261043071746826172e+00
-3.172700405120849609e-01 2.802755832672119141e-01 -3.425309658050537109e+00
-3.957271575927734375e-03 4.770317077636718750e-01 -3.644110918045043945e+00
-9.845092296600341797e-01 1.835579872131347656e-01 -3.256797313690185547e+00
-1.060076117515563965e+00 4.457314014434814453e-01 -3.221534252166748047e+00
-9.371163845062255859e-01 9.207558631896972656e-01 -3.164266824722290039e+00
-2.092206478118896484e-01 1.018674373626708984e+00 -3.097233772277832031e+00
1.511933803558349609e-01 4.713726043701171875e-01 -3.780624389648437500e+00
3.185799121856689453e-01 7.980339527130126953e-01 -3.182287931442260742e+00
5.564579963684082031e-01 1.970500946044921875e-01 -3.392985820770263672e+00
7.064156532287597656e-01 5.683345794677734375e-01 -3.647500991821289062e+00
5.881085395812988281e-01 8.709990978240966797e-01 -3.022358179092407227e+00
6.547670364379882812e-01 3.077435493469238281e-02 -3.155288934707641602e+00
2.304909229278564453e-01 1.088505744934082031e+00 -3.343658924102783203e+00
-7.983708381652832031e-02 1.226857900619506836e+00 -3.278394222259521484e+00
-7.843351364135742188e-02 -1.338417291641235352e+00 -2.647361516952514648e+00
2.351698875427246094e-01 -1.136257410049438477e+00 -2.617244958877563477e+00
-1.449203610420227051e+00 -6.205630302429199219e-02 -2.293337345123291016e+00
-1.465448975563049316e+00 -1.223225593566894531e-01 -2.634398698806762695e+00
-1.199785351753234863e+00 -7.371854782104492188e-02 -2.928405761718750000e+00
-1.196909189224243164e+00 -8.442990779876708984e-01 -2.495891332626342773e+00
-1.203260064125061035e+00 -4.549067020416259766e-01 -2.955405950546264648e+00
-1.082887887954711914e+00 -7.085685729980468750e-01 -2.111567020416259766e+00
-9.705473184585571289e-01 -2.491767406463623047e-01 -2.901135444641113281e+00
-1.062522768974304199e+00 -9.265494346618652344e-02 -2.197529554367065430e+00
-8.977599143981933594e-01 -3.620934486389160156e-01 -2.420144319534301758e+00
-7.848709821701049805e-01 -7.499043941497802734e-01 -2.270198106765747070e+00
-6.139090061187744141e-01 -4.009876251220703125e-01 -2.863630533218383789e+00
-8.992741107940673828e-01 -9.662997722625732422e-01 -2.701874017715454102e+00
-3.595802783966064453e-01 -8.073145151138305664e-01 -2.743934392929077148e+00
-4.718208312988281250e-01 -1.095915436744689941e+00 -2.769548654556274414e+00
-2.433407306671142578e-01 -4.130083322525024414e-01 -2.382366180419921875e+00
-4.036662578582763672e-01 -9.453423023223876953e-01 -2.294245958328247070e+00
-5.285377502441406250e-01 -1.169641017913818359e-01 -2.013610839843750000e+00
-9.741568565368652344e-02 -1.672029495239257812e-02 -2.111151933670043945e+00
3.700160980224609375e-02 -8.493341207504272461e-01 -2.174950122833251953e+00
1.788604259490966797e-01 -2.596598863601684570e-01 -2.501644611358642578e+00
4.889225959777832031e-01 -6.130034923553466797e-01 -2.859879732131958008e+00
4.104659557342529297e-01 -2.415018081665039062e-01 -2.561753749847412109e+00
3.757057189941406250e-01 -4.137363433837890625e-01 -2.026331663131713867e+00
8.259813785552978516e-01 -7.539403438568115234e-01 -2.824903964996337891e+00
4.492597579956054688e-01 -4.985060691833496094e-01 -2.275576829910278320e+00
5.272002220153808594e-01 -1.010017156600952148e+00 -2.877053499221801758e+00
9.141860008239746094e-01 -2.283113002777099609e-01 -2.577327013015747070e+00
8.553085327148437500e-01 -9.130082130432128906e-01 -2.465785503387451172e+00
4.327883720397949219e-01 -8.318419456481933594e-01 -2.315906524658203125e+00
2.128944396972656250e-01 -1.030999660491943359e+00 -2.713321685791015625e+00
1.013791084289550781e+00 -3.291013240814208984e-01 -2.185556411743164062e+00
8.565330505371093750e-02 -9.751342535018920898e-01 -2.067605972290039062e+00
1.190921068191528320e+00 -4.364767074584960938e-01 -2.369150161743164062e+00
1.145761966705322266e+00 -9.468162059783935547e-01 -2.365707635879516602e+00
1.353416442871093750e+00 -5.228806734085083008e-01 -2.482595205307006836e+00
1.145911216735839844e+00 -1.635670661926269531e-01 -2.881224155426025391e+00
-1.241813540458679199e+00 4.707684516906738281e-01 -2.411411046981811523e+00
-8.220844268798828125e-01 2.798421382904052734e-01 -2.706740617752075195e+00
-1.081566810607910156e-01 9.605648517608642578e-01 -2.133742809295654297e+00
-4.269974231719970703e-01 1.321744918823242188e-02 -2.662737369537353516e+00
-2.675516605377197266e-01 4.971671104431152344e-02 -2.438038110733032227e+00
-2.210574150085449219e-01 5.559039115905761719e-01 -2.893365621566772461e+00
-6.144779920578002930e-01 6.795372962951660156e-01 -2.339901924133300781e+00
-5.976901054382324219e-01 4.438381195068359375e-01 -2.813536405563354492e+00
-3.472421169281005859e-01 4.034602642059326172e-01 -2.000283241271972656e+00
-1.015679955482482910e+00 8.148193359375000000e-01 -2.038480043411254883e+00
-9.504594802856445312e-01 8.446502685546875000e-02 -2.321716785430908203e+00
-3.812842369079589844e-01 1.001616477966308594e+00 -2.787762880325317383e+00
-8.991012573242187500e-01 8.654623031616210938e-01 -2.665899991989135742e+00
8.608350753784179688e-01 1.116270780563354492e+00 -2.685658931732177734e+00
9.122071266174316406e-01 1.031803369522094727e+00 -2.246102094650268555e+00
4.607963562011718750e-01 4.629201889038085938e-01 -2.665724277496337891e+00
1.797933578491210938e-01 5.401058197021484375e-01 -2.895492076873779297e+00
9.712772369384765625e-01 2.340223789215087891e-01 -2.577378988265991211e+00
7.887418270111083984e-01 2.909240722656250000e-01 -2.272996902465820312e+00
5.190882682800292969e-01 1.201124191284179688e-01 -2.787014722824096680e+00
3.481442928314208984e-01 7.109279632568359375e-01 -2.128713846206665039e+00
2.309465408325195312e-02 2.401151657104492188e-01 -2.549223661422729492e+00
2.405428886413574219e-02 6.858716011047363281e-01 -2.438391447067260742e+00
8.306987285614013672e-01 6.470737457275390625e-01 -2.276307821273803711e+00
2.189502716064453125e-01 1.033654689788818359e+00 -2.612002134323120117e+00
1.236488342285156250e+00 2.704794406890869141e-01 -2.694103002548217773e+00
1.308841705322265625e+00 7.754540443420410156e-02 -2.235360622406005859e+00
1.213315010070800781e+00 6.305611133575439453e-01 -2.867801189422607422e+00
1.246862411499023438e+00 7.276847362518310547e-01 -2.128788232803344727e+00
-1.635890007019042969e-01 1.146363973617553711e+00 -2.667292356491088867e+00
-3.576544523239135742e-01 1.299974441528320312e+00 -2.532872438430786133e+00
3.853578567504882812e-01 1.391597747802734375e+00 -2.278327941894531250e+00
-5.003852844238281250e-01 -1.362985491752624512e+00 -1.569253921508789062e+00
-1.772005558013916016e-01 -1.229150056838989258e+00 -1.489178180694580078e+00
-8.513855934143066406e-02 -1.443642258644104004e+00 -1.132256507873535156e+00
1.358549594879150391e-01 -1.390254497528076172e+00 -1.354099273681640625e+00
9.122841358184814453e-01 -1.139135956764221191e+00 -1.746395111083984375e+00
1.495003700256347656e-02 -1.335596442222595215e+00 -1.464889526367187500e+00
5.554800033569335938e-01 -1.250818967819213867e+00 -1.978593826293945312e+00
-1.351268172264099121e+00 -5.830862522125244141e-01 -1.083402156829833984e+00
-1.371798992156982422e+00 -2.682578563690185547e-01 -1.195434570312500000e+00
-1.400258898735046387e+00 -4.232350587844848633e-01 -1.412818908691406250e+00
-8.169600963592529297e-01 -8.570058345794677734e-01 -1.446998119354248047e+00
-6.523725986480712891e-01 -1.577155590057373047e-01 -1.101568698883056641e+00
-5.382175445556640625e-01 -6.664481163024902344e-01 -1.428011417388916016e+00
-4.604313373565673828e-01 -2.003493309020996094e-01 -1.894500732421875000e+00
-1.065091729164123535e+00 -8.175183534622192383e-01 -1.737197875976562500e+00
-2.793608903884887695e-01 -7.919980287551879883e-01 -1.805782318115234375e+00
-6.844210624694824219e-01 -2.784729003906250000e-01 -1.518780708312988281e+00
-4.835762977600097656e-01 -6.041510105133056641e-01 -1.824774742126464844e+00
-1.053264617919921875e+00 -4.724917411804199219e-01 -1.188406467437744141e+00
-5.338865518569946289e-01 -4.079457521438598633e-01 -1.394599914550781250e+00
6.079313755035400391e-01 -1.027798652648925781e+00 -1.033456802368164062e+00
4.810426235198974609e-01 -6.815167665481567383e-01 -1.411949157714843750e+00
1.493813991546630859e-01 -2.051734924316406250e-01 -1.498035907745361328e+00
9.033837318420410156e-01 -2.998591661453247070e-01 -1.165845394134521484e+00
2.924261093139648438e-01 -5.604720115661621094e-01 -1.433224678039550781e+00
1.026527643203735352e+00 -8.358714580535888672e-01 -1.463468551635742188e+00
2.780897617340087891e-01 -3.691041469573974609e-01 -1.159084320068359375e+00
7.408404350280761719e-02 -5.876846313476562500e-01 -1.540359497070312500e+00
1.068897247314453125e+00 -2.804925441741943359e-01 -1.073502063751220703e+00
6.889452934265136719e-01 -6.121139526367187500e-01 -1.656930446624755859e+00
1.229530811309814453e+00 -1.056118011474609375e-01 -1.899981498718261719e+00
1.187463760375976562e+00 -7.707641124725341797e-01 -1.149148464202880859e+00
1.389369010925292969e+00 -5.035662651062011719e-02 -1.193878650665283203e+00
-1.343051671981811523e+00 3.499219417572021484e-01 -1.873384475708007812e+00
-1.157514929771423340e+00 8.113925457000732422e-01 -1.465991020202636719e+00
-1.410939097404479980e+00 1.630785465240478516e-01 -1.465764045715332031e+00
-1.205226898193359375e+00 1.351602077484130859e-01 -1.251670837402343750e+00
-6.001381874084472656e-01 2.487032413482666016e-01 -1.080574989318847656e+00
-7.450833320617675781e-01 6.963601112365722656e-01 -1.850375175476074219e+00
-2.356657981872558594e-01 3.624417781829833984e-01 -1.771750450134277344e+00
-4.174455404281616211e-01 3.855299949645996094e-01 -1.623445510864257812e+00
-8.776817321777343750e-01 4.464149475097656250e-01 -1.286805629730224609e+00
-7.258181571960449219e-01 8.813445568084716797e-01 -1.772645473480224609e+00
-9.076297283172607422e-01 2.345910072326660156e-01 -1.324028491973876953e+00
-5.595859289169311523e-01 8.862397670745849609e-01 -1.091774940490722656e+00
-8.632447719573974609e-01 3.737733364105224609e-01 -1.903098106384277344e+00
-4.107952117919921875e-01 1.052909374237060547e+00 -1.360490798950195312e+00
-1.282622814178466797e-01 1.380147933959960938e-01 -1.264595508575439453e+00
-9.153842926025390625e-02 7.053463459014892578e-01 -1.192631721496582031e+00
5.669116973876953125e-03 7.952585220336914062e-01 -1.445849418640136719e+00
1.493039131164550781e-01 1.802754402160644531e-01 -1.972230911254882812e+00
2.549648284912109375e-01 7.425158023834228516e-01 -1.629484176635742188e+00
5.305655002593994141e-01 2.897820472717285156e-01 -1.897721290588378906e+00
5.484869480133056641e-01 7.617683410644531250e-01 -1.150397300720214844e+00
3.940896987915039062e-01 2.155117988586425781e-01 -1.349365234375000000e+00
7.513585090637207031e-01 7.305152416229248047e-01 -1.109851837158203125e+00
9.939298629760742188e-01 7.939593791961669922e-01 -1.665134906768798828e+00
9.843034744262695312e-01 3.432996273040771484e-01 -1.854086875915527344e+00
2.170705795288085938e-01 3.425388336181640625e-01 -1.067816257476806641e+00
3.965997695922851562e-02 9.870252609252929688e-01 -1.932521343231201172e+00
3.204221725463867188e-01 9.445142745971679688e-01 -1.906470298767089844e+00
7.249500751495361328e-01 9.840297698974609375e-02 -1.547209262847900391e+00
5.193281173706054688e-01 1.634867191314697266e-01 -1.601724624633789062e+00
7.847499847412109375e-01 8.504965305328369141e-01 -1.027761936187744141e+00
8.870508670806884766e-01 8.706331253051757812e-03 -1.447222232818603516e+00
1.149447202682495117e+00 6.153497695922851562e-01 -1.260869979858398438e+00
1.261830806732177734e+00 7.253007888793945312e-01 -1.742361068725585938e+00
1.316440343856811523e+00 3.087735176086425781e-02 -1.572669506072998047e+00
-2.307801246643066406e-01 1.273489713668823242e+00 -1.695721626281738281e+00
-2.357304096221923828e-01 1.478249549865722656e+00 -1.231944084167480469e+00
3.840939998626708984e-01 1.398736000061035156e+00 -1.130534172058105469e+00
6.773204803466796875e-01 1.156965255737304688e+00 -1.501474380493164062e+00
-7.273435592651367188e-03 -1.230448126792907715e+00 -6.882009506225585938e-01
3.380539417266845703e-01 -1.458163499832153320e+00 -8.852553367614746094e-01
5.538671016693115234e-01 -1.149703383445739746e+00 -6.199960708618164062e-01
-1.209105849266052246e+00 -7.815222740173339844e-01 -3.647170066833496094e-01
-1.450187325477600098e+00 -3.774474859237670898e-01 -6.267614364624023438e-01
-1.073729276657104492e+00 -1.047269821166992188e+00 -2.074036598205566406e-01
-9.540637731552124023e-01 -4.727005958557128906e-02 -4.988350868225097656e-01
-4.226781129837036133e-01 -9.226653575897216797e-01 -7.985887527465820312e-01
-8.328043222427368164e-01 -6.924221515655517578e-01 -4.575657844543457031e-01
-7.557368278503417969e-01 -4.489523172378540039e-01 -2.693538665771484375e-01
-7.495045661926269531e-01 -8.901880979537963867e-01 -5.057697296142578125e-01
-8.462977409362792969e-02 -3.682839870452880859e-01 -4.653944969177246094e-01
-5.997292995452880859e-01 -8.157451152801513672e-01 -8.969254493713378906e-01
-8.364413976669311523e-01 -2.561562061309814453e-01 -3.807673454284667969e-01
-8.882061243057250977e-01 -2.374207973480224609e-01 -8.120732307434082031e-01
-1.741986274719238281e-01 -7.211544513702392578e-01 -9.736824035644531250e-01
-1.116240024566650391e-01 -4.456471204757690430e-01 -5.912656784057617188e-01
-1.352231502532958984e-01 -1.032755017280578613e+00 -8.720970153808593750e-02
-5.388073921203613281e-01 -1.074978709220886230e+00 -7.941818237304687500e-02
1.909446716308593750e-02 -9.433904886245727539e-01 -6.458334922790527344e-01
4.089052677154541016e-01 -5.277346372604370117e-01 -1.919593811035156250e-01
6.787004470825195312e-01 -2.020153999328613281e-01 -6.931304931640625000e-01
8.872916698455810547e-01 -1.673092842102050781e-01 -6.296362876892089844e-01
7.468245029449462891e-01 -1.010018467903137207e+00 -5.362124443054199219e-01
1.078033447265625000e-02 -7.566213607788085938e-02 -8.668370246887207031e-01
9.878997802734375000e-01 -9.082489013671875000e-01 -3.498153686523437500e-01
2.595467567443847656e-01 -5.159225463867187500e-01 -3.765125274658203125e-01
6.593003273010253906e-01 -9.284012317657470703e-01 -1.475610733032226562e-01
9.106888771057128906e-01 -6.817015409469604492e-01 -2.436351776123046875e-02
1.012136459350585938e+00 -1.609144210815429688e-01 -2.633376121520996094e-01
2.852523326873779297e-01 -6.979973316192626953e-01 -9.429545402526855469e-01
-1.131525278091430664e+00 1.591496467590332031e-01 -1.709032058715820312e-01
-1.210922241210937500e+00 4.081478118896484375e-01 -3.763031959533691406e-01
-1.443947911262512207e+00 3.086638450622558594e-02 -1.119318008422851562e-01
-3.778333663940429688e-01 1.319599151611328125e-01 -2.672667503356933594e-01
-1.003474473953247070e+00 2.235958576202392578e-01 -7.702126502990722656e-01
-3.350964784622192383e-01 9.605665206909179688e-01 -2.370915412902832031e-01
-8.816709518432617188e-01 1.091239452362060547e+00 -1.425681114196777344e-01
-1.046709060668945312e+00 6.612057685852050781e-01 -8.201909065246582031e-01
-2.034592628479003906e-01 2.811722755432128906e-01 -7.857313156127929688e-01
-5.707793235778808594e-01 4.169099330902099609e-01 -8.028154373168945312e-01
-2.456467151641845703e-01 1.017903804779052734e+00 -9.435615539550781250e-01
-8.180577754974365234e-01 6.277594566345214844e-01 -5.086774826049804688e-01
-9.753799438476562500e-02 7.072114944458007812e-02 -3.495311737060546875e-01
-1.168205738067626953e-01 1.073492527008056641e+00 -8.786253929138183594e-01
-1.799759864807128906e-01 6.617543697357177734e-01 -2.841291427612304688e-01
6.161022186279296875e-01 3.413891792297363281e-02 -1.327400207519531250e-01
1.009298801422119141e+00 2.090239524841308594e-01 -9.364204406738281250e-01
1.051665306091308594e+00 8.567454814910888672e-01 -1.294608116149902344e-01
1.447131633758544922e-01 1.058890819549560547e-01 -4.531970024108886719e-01
5.875353813171386719e-01 2.368199825286865234e-01 -3.989577293395996094e-01
4.982910156250000000e-01 4.302051067352294922e-01 -1.536045074462890625e-01
6.897227764129638672e-01 9.795370101928710938e-01 -5.342898368835449219e-01
2.186675071716308594e-01 1.103271007537841797e+00 -6.822719573974609375e-01
4.634256362915039062e-01 1.093176126480102539e+00 -1.051607131958007812e-01
2.553606033325195312e-01 8.092329502105712891e-01 -6.054615974426269531e-01
3.664793968200683594e-01 7.115292549133300781e-01 -8.581514358520507812e-01
1.114375114440917969e+00 9.134135246276855469e-01 -3.938970565795898438e-01
1.127787113189697266e+00 5.608844757080078125e-02 -2.004055976867675781e-01
1.437181949615478516e+00 4.159545898437500000e-02 -1.129050254821777344e-01
1.244822502136230469e+00 4.736797809600830078e-01 -2.177810668945312500e-01
1.224968671798706055e+00 3.125000000000000000e-01 -7.556428909301757812e-01
1.211767673492431641e+00 6.395897865295410156e-01 -9.073305130004882812e-01
-6.211160421371459961e-01 1.181194305419921875e+00 -2.939667701721191406e-01
-6.182763576507568359e-01 1.227533340454101562e+00 -4.989242553710937500e-01
-3.268146514892578125e-02 1.206687450408935547e+00 -1.261730194091796875e-01
5.181241035461425781e-01 1.324532032012939453e+00 -8.559927940368652344e-01
-8.376145362854003906e-02 -1.328157663345336914e+00 3.301200866699218750e-01
-1.600675582885742188e-01 -1.270217657089233398e+00 8.324069976806640625e-01
-3.105823993682861328e-01 -1.352292299270629883e+00 5.691528320312500000e-03
3.144257068634033203e-01 -1.188080787658691406e+00 1.371941566467285156e-01
8.974194526672363281e-01 -1.189586162567138672e+00 1.943221092224121094e-01
2.852056026458740234e-01 -1.406156420707702637e+00 5.613007545471191406e-01
-1.169196486473083496e+00 -1.350915431976318359e-01 9.614944458007812500e-01
-1.143411993980407715e+00 -5.452684164047241211e-01 3.843693733215332031e-01
-1.356890559196472168e+00 -4.656130075454711914e-01 8.223514556884765625e-01
-1.346172571182250977e+00 -1.023192405700683594e-01 2.746438980102539062e-01
-5.522632598876953125e-02 -9.444379806518554688e-01 6.590175628662109375e-01
-1.281118392944335938e-02 -8.469614982604980469e-01 7.943630218505859375e-02
-9.832202196121215820e-01 -2.795405387878417969e-01 7.365579605102539062e-01
-4.614282846450805664e-01 -5.591658353805541992e-01 7.991528511047363281e-01
-5.765538215637207031e-01 -2.631933689117431641e-01 6.848812103271484375e-02
-2.906050682067871094e-01 -4.260846376419067383e-01 3.948836326599121094e-01
-4.373629093170166016e-01 -3.630998134613037109e-01 9.164381027221679688e-02
-6.308676004409790039e-01 -7.048269510269165039e-01 3.875112533569335938e-01
-9.239846467971801758e-01 -4.557451009750366211e-01 3.979601860046386719e-01
-1.029449462890625000e+00 -9.814653396606445312e-01 2.130851745605468750e-01
3.577768802642822266e-01 -8.976840972900390625e-02 8.277673721313476562e-01
9.563353061676025391e-01 -1.138405799865722656e-01 5.952982902526855469e-01
7.330751419067382812e-01 -4.896264076232910156e-01 6.332817077636718750e-01
6.441502571105957031e-01 -6.967000961303710938e-01 9.880914688110351562e-01
1.136803627014160156e-01 -5.500555038452148438e-02 2.936315536499023438e-01
6.804139614105224609e-01 -1.999096870422363281e-01 9.575653076171875000e-01
8.855342864990234375e-02 -8.387556076049804688e-01 9.965829849243164062e-01
9.995770454406738281e-02 -5.167787075042724609e-01 8.935403823852539062e-02
1.821906566619873047e-01 -6.464626789093017578e-01 7.103109359741210938e-01
5.299901962280273438e-01 -6.864777803421020508e-01 2.970643043518066406e-01
4.345178604125976562e-01 -1.013781070709228516e+00 7.638044357299804688e-01
1.027416229248046875e+00 -8.687155246734619141e-01 5.592432022094726562e-01
7.457082271575927734e-01 -2.520859241485595703e-01 4.799938201904296875e-01
1.334493637084960938e+00 -8.858847618103027344e-02 3.506302833557128906e-01
1.206365585327148438e+00 -9.809827804565429688e-02 5.582880973815917969e-01
1.187180757522583008e+00 -4.454569816589355469e-01 6.428766250610351562e-02
-1.149460077285766602e+00 2.597107887268066406e-01 7.978825569152832031e-01
-1.190057754516601562e+00 7.355351448059082031e-01 6.985082626342773438e-01
-1.138123393058776855e+00 8.247961997985839844e-01 1.736254692077636719e-01
-7.991371154785156250e-01 3.724219799041748047e-01 5.977602005004882812e-01
-6.008456945419311523e-01 8.177614212036132812e-02 3.245506286621093750e-01
-1.693849563598632812e-01 9.355556964874267578e-01 5.008783340454101562e-01
-8.521049022674560547e-01 9.967625141143798828e-01 5.441603660583496094e-01
-4.481761455535888672e-01 5.192394256591796875e-01 9.101557731628417969e-01
-3.836112022399902344e-01 9.412479400634765625e-02 8.173141479492187500e-01
-5.288097858428955078e-01 9.790921211242675781e-01 9.347090721130371094e-01
-3.174757957458496094e-02 5.339279174804687500e-01 5.677022933959960938e-01
-1.091950058937072754e+00 3.745551109313964844e-01 1.453871726989746094e-01
-2.109327316284179688e-01 3.029484748840332031e-01 5.123205184936523438e-01
-7.137049436569213867e-01 5.843236446380615234e-01 1.156630516052246094e-01
-6.830736398696899414e-01 7.071907520294189453e-01 1.834964752197265625e-01
-9.790825843811035156e-02 1.107670783996582031e+00 4.591264724731445312e-01
2.624938488006591797e-01 7.323164939880371094e-01 1.327943801879882812e-02
9.837961196899414062e-01 7.069613933563232422e-01 3.234009742736816406e-01
7.167463302612304688e-01 9.511818885803222656e-01 7.009825706481933594e-01
5.329084396362304688e-01 7.079558372497558594e-01 1.660385131835937500e-01
6.127989292144775391e-01 1.899771690368652344e-01 5.921268463134765625e-02
6.281623840332031250e-01 1.070530414581298828e+00 8.872413635253906250e-01
2.624261379241943359e-01 3.400030136108398438e-01 4.817485809326171875e-02
7.447481155395507812e-03 9.040372371673583984e-01 8.780016899108886719e-01
5.014941692352294922e-01 7.196869850158691406e-01 8.727560043334960938e-01
1.005518436431884766e-01 6.957864761352539062e-01 5.013175010681152344e-01
9.918370246887207031e-01 2.372384071350097656e-01 8.595819473266601562e-01
5.939373970031738281e-01 2.838788032531738281e-01 7.122240066528320312e-01
1.232025623321533203e+00 5.469491481781005859e-01 7.198987007141113281e-01
1.442250490188598633e+00 4.117403030395507812e-01 3.829727172851562500e-01
-2.291822433471679688e-01 1.371950149536132812e+00 9.936189651489257812e-01
-5.944714546203613281e-01 1.341251850128173828e+00 4.148645401000976562e-01
-4.179120063781738281e-02 1.383847951889038086e+00 4.287681579589843750e-01
-4.972999095916748047e-01 -1.287943959236145020e+00 1.118659496307373047e+00
1.408398151397705078e-01 -1.337141633033752441e+00 1.696137428283691406e+00
4.265613555908203125e-01 -1.243284463882446289e+00 1.869549274444580078e+00
3.131599426269531250e-01 -1.316280007362365723e+00 1.782458782196044922e+00
-1.237761259078979492e+00 -4.332828521728515625e-01 1.459328651428222656e+00
-1.084999561309814453e+00 -9.328188896179199219e-01 1.681302070617675781e+00
-1.086788296699523926e+00 -6.591274738311767578e-01 1.309705734252929688e+00
-7.787234783172607422e-01 -1.791307926177978516e-01 1.067286491394042969e+00
-2.562965154647827148e-01 -2.113411426544189453e-01 1.114705085754394531e+00
-1.430480480194091797e-01 -7.777667045593261719e-01 1.588029861450195312e+00
-5.392377376556396484e-01 -3.451108932495117188e-03 1.412028312683105469e+00
-2.915203571319580078e-01 -6.284977197647094727e-01 1.657833099365234375e+00
-2.855138778686523438e-01 -9.436314105987548828e-01 1.359814643859863281e+00
-6.132186651229858398e-01 -5.453057289123535156e-01 1.279790878295898438e+00
-5.720670223236083984e-01 -1.320357322692871094e-01 1.701776981353759766e+00
-2.632502317428588867e-01 -1.283905506134033203e-01 1.768074512481689453e+00
-6.519906520843505859e-01 -4.972988367080688477e-01 1.791055679321289062e+00
-2.800745964050292969e-01 -9.865757226943969727e-01 1.128488540649414062e+00
1.565134525299072266e-01 -1.110422134399414062e+00 1.482296466827392578e+00
7.102932929992675781e-01 -9.740245342254638672e-01 1.989802837371826172e+00
2.608454227447509766e-01 -3.193483352661132812e-01 1.834692001342773438e+00
4.976010322570800781e-01 -4.459451436996459961e-01 1.489842891693115234e+00
6.862106323242187500e-01 -7.438840866088867188e-01 1.500480651855468750e+00
9.966874122619628906e-02 -3.199315071105957031e-02 1.130459785461425781e+00
7.233350276947021484e-01 -4.111056327819824219e-01 1.622489929199218750e+00
7.014076709747314453e-01 -8.931250572204589844e-01 1.796766757965087891e+00
1.895446777343750000e-01 -2.887529134750366211e-01 1.121757507324218750e+00
9.367859363555908203e-01 -2.189133167266845703e-01 1.797529697418212891e+00
9.289934635162353516e-01 -9.601683616638183594e-01 1.230363845825195312e+00
1.103117942810058594e+00 -3.035089969635009766e-01 1.377603054046630859e+00
1.235788583755493164e+00 -7.137067317962646484e-01 1.063152313232421875e+00
1.382012367248535156e+00 -2.413806915283203125e-01 1.028949737548828125e+00
1.136060476303100586e+00 -5.102834701538085938e-01 1.631769180297851562e+00
-1.135573983192443848e+00 9.675607681274414062e-01 1.650018215179443359e+00
-9.927108287811279297e-01 1.321032047271728516e-01 1.250844001770019531e+00
-6.811181306838989258e-01 6.653876304626464844e-01 1.068685531616210938e+00
-8.146667480468750000e-02 3.545036315917968750e-01 1.708671569824218750e+00
-2.263021469116210938e-01 9.992439746856689453e-01 1.482452869415283203e+00
-2.096016407012939453e-01 5.695133209228515625e-01 1.403813362121582031e+00
-7.593233585357666016e-01 7.283751964569091797e-01 1.652945995330810547e+00
-3.799033164978027344e-01 1.042905330657958984e+00 1.232755661010742188e+00
-7.999315261840820312e-01 6.036162376403808594e-01 1.635494709014892578e+00
-1.007520318031311035e+00 1.934783458709716797e-01 1.916228771209716797e+00
-7.781529426574707031e-01 7.270674705505371094e-01 1.818261146545410156e+00
-2.948426008224487305e-01 1.689922809600830078e-01 1.160351753234863281e+00
-1.809320449829101562e-01 7.166306972503662109e-01 1.481733322143554688e+00
-8.371810913085937500e-01 4.389157295227050781e-01 1.217548370361328125e+00
6.084585189819335938e-01 4.617543220520019531e-01 1.272105693817138672e+00
8.297133445739746094e-01 9.437756538391113281e-01 1.730190277099609375e+00
1.043835163116455078e+00 1.036468029022216797e+00 1.102175235748291016e+00
4.417479038238525391e-01 4.680936336517333984e-01 1.675070762634277344e+00
1.079369068145751953e+00 7.141981124877929688e-01 1.770862102508544922e+00
8.855080604553222656e-02 2.502348423004150391e-01 1.904576301574707031e+00
4.505834579467773438e-01 9.334053993225097656e-01 1.485874652862548828e+00
4.537448883056640625e-01 1.953094005584716797e-01 1.317709445953369141e+00
9.804885387420654297e-01 1.512784957885742188e-01 1.875397682189941406e+00
6.023707389831542969e-01 3.221766948699951172e-01 1.019022941589355469e+00
1.174787521362304688e+00 3.454704284667968750e-01 1.039506912231445312e+00
1.425516843795776367e+00 7.486939430236816406e-02 1.174887657165527344e+00
1.170121669769287109e+00 1.163504123687744141e-01 1.518674850463867188e+00
1.404076576232910156e+00 5.132558345794677734e-01 1.838994979858398438e+00
-2.479221820831298828e-01 1.300316333770751953e+00 1.955803871154785156e+00
4.210648536682128906e-01 1.166469097137451172e+00 1.605506896972656250e+00
2.690219879150390625e-02 1.287906646728515625e+00 1.760978698730468750e+00
3.018584251403808594e-01 1.148689985275268555e+00 1.185263633728027344e+00
-4.949833154678344727e-01 -1.323887944221496582e+00 2.395243644714355469e+00
-1.935560703277587891e-01 -1.289576411247253418e+00 2.287261962890625000e+00
-5.434939861297607422e-01 -1.234523296356201172e+00 2.017957687377929688e+00
1.502308845520019531e-01 -1.448464512825012207e+00 2.313053131103515625e+00
3.015806674957275391e-01 -1.205616712570190430e+00 2.607287406921386719e+00
-1.329882144927978516e+00 -6.837797164916992188e-02 2.659253120422363281e+00
-3.920166492462158203e-01 -8.095395565032958984e-01 2.287496566772460938e+00
-1.304483413696289062e-02 -6.835384368896484375e-01 2.126672744750976562e+00
-5.572172403335571289e-01 -7.545347213745117188e-01 2.718588829040527344e+00
-1.083860993385314941e+00 -4.883211851119995117e-01 2.648393630981445312e+00
-1.028576970100402832e+00 -1.957166194915771484e-01 2.070358276367187500e+00
-2.226967811584472656e-01 -4.550347328186035156e-01 2.961379051208496094e+00
-1.118040680885314941e+00 -5.476315021514892578e-01 2.220289230346679688e+00
-7.916305065155029297e-01 -1.124006032943725586e+00 2.828039169311523438e+00
-3.669772148132324219e-01 -1.102238655090332031e+00 2.943807601928710938e+00
-3.371487855911254883e-01 -9.725213050842285156e-02 2.626406669616699219e+00
-7.278017997741699219e-01 -2.176103591918945312e-01 2.538412094116210938e+00
-5.409893989562988281e-01 -4.847428798675537109e-01 2.653302192687988281e+00
-9.778261184692382812e-03 -2.607512474060058594e-02 2.064764022827148438e+00
-6.640617847442626953e-01 -9.222137928009033203e-01 2.148007392883300781e+00
2.903647422790527344e-01 -9.015858173370361328e-01 2.575864791870117188e+00
2.189135551452636719e-02 -9.311385154724121094e-01 2.286409378051757812e+00
6.431074142456054688e-01 -3.736903667449951172e-01 2.655693054199218750e+00
9.451346397399902344e-01 -7.912962436676025391e-01 2.221861839294433594e+00
6.974415779113769531e-01 -1.069529533386230469e+00 2.754992485046386719e+00
2.467861175537109375e-01 -3.086534738540649414e-01 2.826055526733398438e+00
4.417324066162109375e-02 -3.606730699539184570e-01 2.369015693664550781e+00
8.057918548583984375e-01 -7.508544921875000000e-01 2.739710807800292969e+00
1.053628444671630859e+00 -5.059219598770141602e-01 2.463702201843261719e+00
1.282063961029052734e+00 -3.774111270904541016e-01 2.531476020812988281e+00
1.170975446701049805e+00 -2.135722637176513672e-01 2.106633186340332031e+00
-1.265367984771728516e+00 4.372997283935546875e-01 2.423484802246093750e+00
-1.326116085052490234e+00 6.925868988037109375e-02 2.304862976074218750e+00
-1.409909725189208984e-01 1.136841773986816406e-01 2.617610931396484375e+00
-4.980275630950927734e-01 3.294479846954345703e-01 2.737264633178710938e+00
-6.694456338882446289e-01 3.584420680999755859e-01 2.327704429626464844e+00
-1.511945724487304688e-01 1.120665550231933594e+00 2.765000343322753906e+00
-2.912757396697998047e-01 4.134550094604492188e-01 2.443025588989257812e+00
-8.132481575012207031e-01 2.329425811767578125e-01 2.609851837158203125e+00
-4.397854804992675781e-01 6.436798572540283203e-01 2.200253486633300781e+00
-6.940660476684570312e-01 1.086504220962524414e+00 2.743615150451660156e+00
-1.017344117164611816e+00 1.003775358200073242e+00 2.265980720520019531e+00
-5.714025497436523438e-01 1.059052705764770508e+00 2.857517242431640625e+00
-6.118483543395996094e-01 2.856397628784179688e-02 2.090412139892578125e+00
-4.233050346374511719e-02 9.295492172241210938e-01 2.364493370056152344e+00
-8.432046175003051758e-01 1.124989032745361328e+00 2.947210311889648438e+00
-1.005469441413879395e+00 9.484577178955078125e-02 2.990002632141113281e+00
7.634258270263671875e-02 4.930937290191650391e-01 2.590593338012695312e+00
5.226025581359863281e-01 2.996501922607421875e-01 2.052977561950683594e+00
9.738836288452148438e-01 6.278278827667236328e-01 2.396608352661132812e+00
3.325784206390380859e-01 6.601977348327636719e-02 2.017045974731445312e+00
6.547718048095703125e-01 1.020678997039794922e+00 2.033227920532226562e+00
3.305671215057373047e-01 8.945846557617187500e-02 2.598096847534179688e+00
4.576802253723144531e-02 8.057935237884521484e-01 2.914163589477539062e+00
1.017529964447021484e+00 4.830267429351806641e-01 2.042963027954101562e+00
8.095088005065917969e-01 1.060717344284057617e+00 2.637590408325195312e+00
6.558656692504882812e-01 1.286852359771728516e-01 2.687769889831542969e+00
1.860313415527343750e-01 7.000784873962402344e-01 2.070851325988769531e+00
8.840661048889160156e-01 7.490901947021484375e-01 2.785091400146484375e+00
9.757051467895507812e-01 2.216267585754394531e-01 2.486394882202148438e+00
4.282271862030029297e-01 7.929544448852539062e-01 2.832843780517578125e+00
1.306594848632812500e+00 3.936624526977539062e-01 2.509299278259277344e+00
1.210082769393920898e+00 3.697061538696289062e-01 2.732564926147460938e+00
-5.503723621368408203e-01 1.152351140975952148e+00 2.032819747924804688e+00
-1.238703727722167969e-01 1.209579467773437500e+00 2.351697921752929688e+00
3.734910488128662109e-01 1.314430236816406250e+00 2.076623916625976562e+00
6.297087669372558594e-01 1.305835962295532227e+00 2.578830718994140625e+00
3.002767562866210938e-01 1.246177196502685547e+00 2.349260330200195312e+00
2.227234840393066406e-02 1.297180175781250000e+00 2.829075813293457031e+00
1.791572570800781250e-02 -1.280698299407958984e+00 3.186057090759277344e+00
9.259629249572753906e-02 -1.151055216789245605e+00 3.306266784667968750e+00
-1.129605889320373535e+00 -4.145948886871337891e-01 3.249452590942382812e+00
-1.103696465492248535e+00 -3.088259696960449219e-02 3.042583465576171875e+00
-1.386451721191406250e-01 -3.141283988952636719e-02 3.813382148742675781e+00
-1.149177551269531250e-01 -4.146301746368408203e-01 3.786037445068359375e+00
-8.775581121444702148e-01 -8.716075420379638672e-01 3.071454048156738281e+00
-5.659577846527099609e-01 -1.137256622314453125e-01 3.285733222961425781e+00
-8.407390117645263672e-01 -7.248133420944213867e-01 3.470898628234863281e+00
-9.835934638977050781e-02 -6.936244964599609375e-01 3.138766288757324219e+00
-3.938801288604736328e-01 -6.577775478363037109e-01 3.573807716369628906e+00
1.046071529388427734e+00 -5.551965236663818359e-01 3.149439811706542969e+00
7.414927482604980469e-01 -4.479126930236816406e-01 3.096203804016113281e+00
1.645364761352539062e-01 -8.906519412994384766e-01 3.348163604736328125e+00
6.105971336364746094e-01 -5.575227737426757812e-02 3.378849029541015625e+00
6.184360980987548828e-01 -2.806531190872192383e-01 3.588188171386718750e+00
7.746913433074951172e-01 -6.402273178100585938e-01 3.486436843872070312e+00
2.140715122222900391e-01 -1.611533164978027344e-01 3.659139633178710938e+00
2.764265537261962891e-01 -4.443534612655639648e-01 3.191068649291992188e+00
-9.141807556152343750e-01 5.357437133789062500e-01 3.108633995056152344e+00
-3.998643159866333008e-01 3.407692909240722656e-02 3.227615356445312500e+00
-2.932099103927612305e-01 5.997395515441894531e-01 3.636951446533203125e+00
-8.124282360076904297e-01 5.322232246398925781e-01 3.429323196411132812e+00
-4.656703472137451172e-01 6.993010044097900391e-01 3.476270675659179688e+00
-1.523301601409912109e-01 5.800969600677490234e-01 3.019777297973632812e+00
-3.665692806243896484e-01 7.942149639129638672e-01 3.196690559387207031e+00
-4.785633087158203125e-02 7.409787178039550781e-02 3.089601516723632812e+00
-1.743795871734619141e-01 1.652340888977050781e-01 3.494567871093750000e+00
9.732134342193603516e-01 1.425781250000000000e-01 3.545624732971191406e+00
2.017710208892822266e-01 2.337145805358886719e-02 3.056254386901855469e+00
8.300714492797851562e-01 1.258862018585205078e-01 3.043483734130859375e+00
7.010555267333984375e-01 8.679285049438476562e-01 3.206693649291992188e+00
5.465593338012695312e-01 5.313994884490966797e-01 3.693239212036132812e+00
7.973012924194335938e-01 4.244940280914306641e-01 3.597118377685546875e+00
3.242011070251464844e-01 9.687497615814208984e-01 3.580736160278320312e+00
2.139687538146972656e-01 6.410870552062988281e-01 3.167648315429687500e+00
9.901566505432128906e-01 6.700518131256103516e-01 3.340303421020507812e+00
3.042268753051757812e-01 3.638131618499755859e-01 3.304047584533691406e+00
1.289014577865600586e+00 2.416677474975585938e-01 3.200113296508789062e+00
