-1.625900268554687500e-01 -1.133296728134155273e+00 -2.219308853149414062e+00
-2.270438671112060547e-01 -1.383646249771118164e+00 -1.976239562034606934e+00
7.390179634094238281e-01 -1.282481670379638672e+00 -2.044384002685546875e+00
1.963677406311035156e-01 -1.211927652359008789e+00 -2.134764194488525391e+00
-1.299218297004699707e+00 -3.807212114334106445e-01 -2.280348300933837891e+00
-1.204103589057922363e+00 -1.396977901458740234e-01 -1.766573071479797363e+00
-7.207140922546386719e-01 -1.105966806411743164e+00 -2.306385993957519531e+00
-4.908553361892700195e-01 -8.220531940460205078e-01 -1.730269432067871094e+00
-4.463701248168945312e-01 -3.030840158462524414e-01 -1.904451608657836914e+00
-6.949155330657958984e-01 -5.745723247528076172e-01 -1.966667652130126953e+00
-7.008123397827148438e-01 -3.711842298507690430e-01 -2.416354179382324219e+00
-4.527175426483154297e-01 -9.369771480560302734e-01 -2.110010147094726562e+00
-9.718513488769531250e-01 -1.742644309997558594e-01 -2.308093547821044922e+00
-4.033002853393554688e-01 -2.809834480285644531e-02 -1.986738204956054688e+00
6.262156963348388672e-01 -1.124839067459106445e+00 -1.841476917266845703e+00
6.472110748291015625e-02 -7.229828834533691406e-01 -2.101285457611083984e+00
3.546357154846191406e-02 -1.732041835784912109e-01 -2.180316448211669922e+00
3.318815231323242188e-01 -9.862089157104492188e-01 -1.810703039169311523e+00
4.572875499725341797e-01 -4.273804426193237305e-01 -2.195517778396606445e+00
7.548954486846923828e-01 -1.014969944953918457e+00 -2.359592914581298828e+00
6.731109619140625000e-01 -6.061755418777465820e-01 -1.665182590484619141e+00
5.684299468994140625e-01 -3.574017286300659180e-01 -2.462008237838745117e+00
9.774172306060791016e-01 -4.011507034301757812e-01 -1.913643956184387207e+00
9.246759414672851562e-01 -8.847260475158691406e-01 -2.032621860504150391e+00
9.507458209991455078e-01 -9.583789110183715820e-01 -2.497277975082397461e+00
2.361617088317871094e-01 -5.937137603759765625e-01 -1.984164834022521973e+00
1.992211341857910156e-01 -1.788980960845947266e-01 -1.795212268829345703e+00
1.150272130966186523e+00 -2.238740921020507812e-01 -2.322993516921997070e+00
1.126053333282470703e+00 -7.964563369750976562e-02 -2.129222154617309570e+00
-1.458643674850463867e+00 1.953058242797851562e-01 -2.160409212112426758e+00
-1.190288662910461426e+00 8.803515434265136719e-01 -1.968074202537536621e+00
-1.260732889175415039e+00 3.762426376342773438e-01 -1.750116586685180664e+00
-6.832897663116455078e-01 1.099705934524536133e+00 -1.774545788764953613e+00
-9.088170528411865234e-01 1.034840822219848633e+00 -1.908342003822326660e+00
-3.011156320571899414e-01 4.729540348052978516e-01 -1.814686059951782227e+00
-2.884105443954467773e-01 4.966964721679687500e-01 -2.143960952758789062e+00
-7.826566696166992188e-01 1.402375698089599609e-01 -2.382432937622070312e+00
-1.071998596191406250e+00 9.691691398620605469e-02 -1.886581897735595703e+00
-1.940748691558837891e-01 1.409292221069335938e-02 -2.466562747955322266e+00
-7.030239105224609375e-01 6.670465469360351562e-01 -2.219429969787597656e+00
-7.378575801849365234e-01 1.488091945648193359e-01 -1.668756484985351562e+00
-5.346393585205078125e-02 1.011583805084228516e+00 -2.174798727035522461e+00
-7.343840599060058594e-02 8.565168380737304688e-01 -2.122865676879882812e+00
8.035078048706054688e-01 3.985548019409179688e-02 -1.683702945709228516e+00
6.937289237976074219e-01 1.874287128448486328e-01 -2.094849824905395508e+00
4.663643836975097656e-01 8.263576030731201172e-01 -1.705664634704589844e+00
9.697256088256835938e-01 8.729233741760253906e-01 -1.760980725288391113e+00
4.717707633972167969e-01 3.504514694213867188e-01 -1.755278229713439941e+00
2.411565780639648438e-01 1.041860580444335938e+00 -2.191355943679809570e+00
6.491827964782714844e-01 8.775494098663330078e-01 -2.297547578811645508e+00
9.047498703002929688e-01 4.190976619720458984e-01 -2.304743528366088867e+00
2.081894874572753906e-01 1.503188610076904297e-01 -1.864833474159240723e+00
8.220267295837402344e-01 1.012866020202636719e+00 -1.998883128166198730e+00
8.390324115753173828e-01 1.721637248992919922e-01 -2.440625905990600586e+00
6.513874530792236328e-01 5.759763717651367188e-01 -2.163280010223388672e+00
1.159696578979492188e-01 6.275827884674072266e-01 -1.639985084533691406e+00
-4.547225236892700195e-01 1.185803413391113281e+00 -2.499425172805786133e+00
-5.204310417175292969e-01 1.317343711853027344e+00 -1.991787910461425781e+00
6.986346244812011719e-01 1.153333663940429688e+00 -2.425820112228393555e+00
-4.073944091796875000e-01 -1.220426201820373535e+00 -9.111011028289794922e-01
-6.252908706665039062e-01 -1.228938937187194824e+00 -1.602377414703369141e+00
-9.504556655883789062e-03 -1.226873278617858887e+00 -1.289006710052490234e+00
3.287458419799804688e-02 -1.374407172203063965e+00 -9.419822692871093750e-01
1.294500827789306641e-01 -1.460741162300109863e+00 -1.408941745758056641e+00
5.012979507446289062e-01 -1.314283728599548340e+00 -1.061470031738281250e+00
-1.227329611778259277e+00 -2.907729148864746094e-02 -1.012131929397583008e+00
-1.373538136482238770e+00 -1.859622001647949219e-01 -1.494155406951904297e+00
-1.134419322013854980e+00 -8.029476404190063477e-01 -1.485176801681518555e+00
-1.404504776000976562e+00 -1.302149295806884766e-01 -1.156687259674072266e+00
-1.180137395858764648e+00 -5.483663082122802734e-01 -8.643391132354736328e-01
-1.444838643074035645e+00 -3.233242034912109375e-02 -8.499557971954345703e-01
-2.766482830047607422e-01 -9.124469757080078125e-02 -1.529408931732177734e+00
-2.198278903961181641e-01 -3.422150611877441406e-01 -7.030055522918701172e-01
-3.773587942123413086e-01 -5.335798263549804688e-01 -8.261716365814208984e-01
-9.899611473083496094e-01 -2.714308500289916992e-01 -1.012923955917358398e+00
-8.906443119049072266e-01 -4.180500507354736328e-01 -6.846401691436767578e-01
-3.759646415710449219e-02 -2.095699310302734375e-01 -1.057763576507568359e+00
-8.422923088073730469e-02 -9.487161636352539062e-01 -9.912533760070800781e-01
-5.916498899459838867e-01 -6.654067039489746094e-01 -1.452098369598388672e+00
-1.092513084411621094e+00 -8.626358509063720703e-01 -1.012429237365722656e+00
-3.972113132476806641e-01 -4.720146656036376953e-01 -1.527643203735351562e+00
-4.922420978546142578e-01 -8.068451881408691406e-01 -7.469804286956787109e-01
-9.047359228134155273e-01 -1.964118480682373047e-01 -1.088831663131713867e+00
-1.052694320678710938e-01 -8.172531127929687500e-01 -1.561105251312255859e+00
-4.469033479690551758e-01 -1.063559174537658691e+00 -1.494771718978881836e+00
8.275420665740966797e-01 -7.692012786865234375e-01 -1.091960191726684570e+00
5.982809066772460938e-01 -6.274173259735107422e-01 -8.379244804382324219e-01
9.748919010162353516e-01 -3.710172176361083984e-01 -1.200117588043212891e+00
4.453234672546386719e-01 -4.758517742156982422e-01 -1.292356967926025391e+00
2.660875320434570312e-01 -1.030294060707092285e+00 -1.005954742431640625e+00
1.087634563446044922e-01 -7.515966892242431641e-01 -8.320918083190917969e-01
3.023271560668945312e-01 -2.752938270568847656e-01 -8.329119682312011719e-01
6.358029842376708984e-01 -7.039952278137207031e-02 -9.261875152587890625e-01
6.717026233673095703e-01 -5.839419364929199219e-02 -1.544775009155273438e+00
9.597992897033691406e-01 -1.872301101684570312e-02 -1.583464622497558594e+00
3.822109699249267578e-01 -8.360507488250732422e-01 -1.549393653869628906e+00
1.180422544479370117e+00 -4.387280941009521484e-01 -8.050351142883300781e-01
1.181878089904785156e+00 -7.918329238891601562e-01 -9.612941741943359375e-01
1.298117160797119141e+00 -4.978761672973632812e-01 -1.229721546173095703e+00
1.231108665466308594e+00 -1.485359668731689453e-01 -8.843863010406494141e-01
-1.301927447319030762e+00 3.607997894287109375e-01 -5.548849105834960938e-01
-1.263740301132202148e+00 5.109739303588867188e-01 -8.268287181854248047e-01
-1.046776771545410156e-01 5.740084648132324219e-01 -1.255233764648437500e+00
-1.001361846923828125e+00 7.773218154907226562e-01 -8.410763740539550781e-01
-4.247649908065795898e-01 1.075415611267089844e-01 -1.530318260192871094e+00
-1.643762588500976562e-01 6.643414497375488281e-01 -1.550847053527832031e+00
-2.893736362457275391e-01 5.470688343048095703e-01 -9.012393951416015625e-01
-2.059118747711181641e-01 1.019661426544189453e-01 -7.784640789031982422e-01
-1.080640912055969238e+00 1.027162075042724609e+00 -1.523210048675537109e+00
-3.107895851135253906e-01 9.873638153076171875e-01 -5.594704151153564453e-01
-9.832286834716796875e-02 1.060495853424072266e+00 -1.410723209381103516e+00
-6.695235967636108398e-01 3.490436077117919922e-01 -1.201116561889648438e+00
-9.671475887298583984e-01 7.366802692413330078e-01 -1.231219291687011719e+00
-6.917994022369384766e-01 4.973328113555908203e-01 -1.174745559692382812e+00
-6.841759681701660156e-01 7.203917503356933594e-01 -7.005827426910400391e-01
-6.588368415832519531e-01 1.691052913665771484e-01 -5.768752098083496094e-01
-6.375683546066284180e-01 4.079859256744384766e-01 -1.511960029602050781e+00
9.976511001586914062e-01 3.354477882385253906e-01 -1.241050958633422852e+00
6.589837074279785156e-01 6.061029434204101562e-02 -7.546553611755371094e-01
9.124245643615722656e-01 5.655477046966552734e-01 -1.535195350646972656e+00
7.113790512084960938e-02 8.291020393371582031e-01 -1.536681175231933594e+00
9.092361927032470703e-01 7.040596008300781250e-01 -6.420099735260009766e-01
2.855689525604248047e-01 5.764555931091308594e-02 -6.472744941711425781e-01
1.898689270019531250e-01 8.634042739868164062e-01 -6.594352722167968750e-01
2.370579242706298828e-01 4.882552623748779297e-01 -1.183763027191162109e+00
4.407680034637451172e-01 6.984899044036865234e-01 -9.848384857177734375e-01
5.476894378662109375e-01 6.304261684417724609e-01 -1.086958885192871094e+00
7.824468612670898438e-01 1.015759944915771484e+00 -1.195441484451293945e+00
3.550181388854980469e-01 1.264021396636962891e-01 -1.075552225112915039e+00
8.163130283355712891e-01 7.433574199676513672e-01 -1.104702234268188477e+00
1.237896919250488281e+00 1.706426143646240234e-01 -7.517595291137695312e-01
1.342646837234497070e+00 2.569255828857421875e-01 -1.398109436035156250e+00
1.398041248321533203e+00 2.543148994445800781e-01 -8.445725440979003906e-01
-4.167504310607910156e-01 1.137874603271484375e+00 -7.601342201232910156e-01
-2.835043668746948242e-01 1.426548480987548828e+00 -1.531385183334350586e+00
-5.640158653259277344e-01 1.270665168762207031e+00 -1.334198474884033203e+00
6.384778022766113281e-02 1.160293817520141602e+00 -1.180083513259887695e+00
2.911338806152343750e-01 1.177383661270141602e+00 -5.381970405578613281e-01
6.292066574096679688e-01 1.164795398712158203e+00 -6.431422233581542969e-01
2.665481567382812500e-01 1.205807685852050781e+00 -1.532017946243286133e+00
-8.277486562728881836e-01 -1.126219868659973145e+00 -2.524657249450683594e-01
-2.277944087982177734e-01 -1.285688996315002441e+00 -4.457449913024902344e-01
-4.237438440322875977e-01 -1.359370470046997070e+00 2.690901756286621094e-01
9.015860557556152344e-01 -1.171144366264343262e+00 1.246466636657714844e-01
5.680422782897949219e-01 -1.155212998390197754e+00 2.148704528808593750e-01
1.188468933105468750e-01 -1.179736733436584473e+00 -1.620340347290039062e-01
1.132440567016601562e-01 -1.452917218208312988e+00 3.936963081359863281e-01
-1.193131327629089355e+00 -3.062721490859985352e-01 1.981599330902099609e-01
-1.327015757560729980e+00 -6.641360521316528320e-01 -4.139614105224609375e-02
-1.489898800849914551e+00 -7.057452201843261719e-02 -2.285034656524658203e-01
-1.453773736953735352e+00 -1.910834312438964844e-01 3.639183044433593750e-01
-1.187142372131347656e+00 -1.008739471435546875e-01 -2.066445350646972656e-01
-1.341633796691894531e-01 -2.973914146423339844e-02 1.433143615722656250e-01
-6.738952398300170898e-01 -8.750641345977783203e-01 2.121558189392089844e-01
-8.421969413757324219e-02 -5.994750261306762695e-01 4.332189559936523438e-01
-9.653167724609375000e-01 -7.149195671081542969e-02 -1.933162212371826172e-01
-6.265636682510375977e-01 -6.760928630828857422e-01 3.442788124084472656e-01
-6.844177246093750000e-01 -2.516751289367675781e-01 -4.085876941680908203e-01
-2.914068698883056641e-01 -3.755216598510742188e-01 1.200461387634277344e-02
-3.163218498229980469e-02 -7.425360679626464844e-01 -5.984544754028320312e-03
-3.135168552398681641e-01 -3.754773139953613281e-01 1.440889835357666016e-01
-4.149329662322998047e-01 -7.353481054306030273e-01 -5.009157657623291016e-01
-2.525508403778076172e-01 -2.775669097900390625e-02 -2.146892547607421875e-01
-5.661416053771972656e-01 -9.584933519363403320e-01 -1.663980484008789062e-01
-7.101933956146240234e-01 -6.322903633117675781e-01 1.037745475769042969e-01
9.577298164367675781e-01 -9.145807027816772461e-01 -3.828454017639160156e-01
1.864457130432128906e-01 -1.749517917633056641e-01 4.931974411010742188e-02
4.781591892242431641e-01 -9.776623249053955078e-01 -2.013638019561767578e-01
6.588046550750732422e-01 -6.710188388824462891e-01 -4.015243053436279297e-01
2.202816009521484375e-01 -7.869858741760253906e-01 3.177881240844726562e-01
4.420385360717773438e-01 -2.263631820678710938e-01 1.121342182159423828e-01
6.697361469268798828e-01 -5.934722423553466797e-01 -2.913928031921386719e-02
5.176959037780761719e-01 -4.307100772857666016e-01 4.302835464477539062e-01
9.465875625610351562e-01 -5.253005027770996094e-02 4.256162643432617188e-01
1.498401165008544922e-01 -8.307294845581054688e-01 -2.664117813110351562e-01
2.516808509826660156e-01 -8.841204643249511719e-01 -4.359354972839355469e-01
8.000073432922363281e-01 -1.799855232238769531e-01 -3.645532131195068359e-01
4.838302135467529297e-01 -2.729134559631347656e-01 -1.856477260589599609e-01
1.078088760375976562e+00 -7.549287080764770508e-01 -2.809882164001464844e-01
1.117923498153686523e+00 -2.174158096313476562e-01 4.756035804748535156e-01
1.261410236358642578e+00 -3.166342973709106445e-01 -9.346175193786621094e-02
1.480473041534423828e+00 -1.299042701721191406e-01 5.322961807250976562e-01
1.143702983856201172e+00 -6.303011178970336914e-01 2.721285820007324219e-01
-1.410321116447448730e+00 3.990676403045654297e-01 5.056123733520507812e-01
-1.315853238105773926e+00 6.096291542053222656e-01 5.076169967651367188e-03
-1.410557866096496582e+00 1.780717372894287109e-01 -2.261369228363037109e-01
-1.879062652587890625e-01 6.402664184570312500e-01 1.171662807464599609e-01
-9.906266927719116211e-01 1.081299304962158203e+00 6.667089462280273438e-02
-4.573273658752441406e-02 1.790456771850585938e-01 3.143563270568847656e-01
-7.348901033401489258e-01 6.558279991149902344e-01 4.659690856933593750e-01
-8.108979463577270508e-01 1.703073978424072266e-01 4.698052406311035156e-01
-4.585611820220947266e-01 7.731540203094482422e-01 2.755904197692871094e-01
-4.936434030532836914e-01 3.492667675018310547e-01 -3.699090480804443359e-01
-4.592170715332031250e-01 7.521066665649414062e-01 -1.313028335571289062e-01
-7.512284517288208008e-01 8.733189105987548828e-01 1.293511390686035156e-01
-8.522419929504394531e-01 5.306329727172851562e-01 -9.456157684326171875e-03
-5.402565002441406250e-03 5.778799057006835938e-01 -3.620624542236328125e-01
-9.048957824707031250e-01 2.887964248657226562e-01 -5.272698402404785156e-02
1.157870292663574219e-01 3.827064037322998047e-01 -1.963412761688232422e-01
7.604241371154785156e-01 4.377102851867675781e-01 3.598828315734863281e-01
2.982187271118164062e-02 1.034397602081298828e+00 4.487514495849609375e-01
5.158460140228271484e-01 8.920202255249023438e-01 4.664831161499023438e-01
7.875709533691406250e-01 8.840396404266357422e-01 2.193410396575927734e-01
3.243951797485351562e-01 8.080444335937500000e-01 5.333533287048339844e-01
3.981244564056396484e-01 2.998709678649902344e-01 4.731311798095703125e-01
3.859360218048095703e-01 4.317412376403808594e-01 5.651688575744628906e-02
6.431508064270019531e-01 1.976451873779296875e-01 -3.303012847900390625e-01
9.272599220275878906e-01 1.715672016143798828e-01 4.171490669250488281e-02
9.548079967498779297e-01 9.885601997375488281e-01 2.848792076110839844e-02
1.081439495086669922e+00 5.333549976348876953e-01 -4.580788612365722656e-01
1.857583522796630859e-01 8.181896209716796875e-01 -3.335998058319091797e-01
6.724164485931396484e-01 8.284344673156738281e-01 -2.181875705718994141e-01
1.109561920166015625e+00 7.551622390747070312e-02 -2.846300601959228516e-01
1.392750501632690430e+00 4.518933296203613281e-01 4.439544677734375000e-01
1.158735752105712891e+00 8.117380142211914062e-01 -3.511781692504882812e-01
1.256104230880737305e+00 7.804775238037109375e-01 -1.924273967742919922e-01
-7.766904830932617188e-01 1.190887212753295898e+00 -3.111834526062011719e-01
-3.172096014022827148e-01 1.250485658645629883e+00 1.708369255065917969e-01
1.431584358215332031e-02 1.259127616882324219e+00 -2.127745151519775391e-01
2.043747901916503906e-02 1.418782711029052734e+00 1.590261459350585938e-01
-5.188441276550292969e-02 -1.257406353950500488e+00 1.120450973510742188e+00
-7.632064819335937500e-02 -1.248059272766113281e+00 1.509788513183593750e+00
-3.302371501922607422e-01 -1.299934983253479004e+00 1.515411853790283203e+00
7.330498695373535156e-01 -1.295392394065856934e+00 1.583918571472167969e+00
4.605684280395507812e-01 -1.251982808113098145e+00 5.496206283569335938e-01
5.085279941558837891e-01 -1.310392260551452637e+00 6.986570358276367188e-01
7.296493053436279297e-01 -1.186998963356018066e+00 7.631459236145019531e-01
-1.268445134162902832e+00 -1.824297904968261719e-01 1.476131916046142578e+00
-1.201303958892822266e+00 -3.304048776626586914e-01 6.871523857116699219e-01
-1.254540205001831055e+00 -7.261732816696166992e-01 1.468734264373779297e+00
-6.016136407852172852e-01 -1.354475021362304688e-01 8.794531822204589844e-01
-4.403085708618164062e-01 -1.483001708984375000e-01 1.309694766998291016e+00
-9.635308980941772461e-01 -6.658573150634765625e-01 1.289078712463378906e+00
-7.888858318328857422e-01 -3.236227035522460938e-01 1.201937198638916016e+00
-2.884416580200195312e-01 -5.006902217864990234e-01 8.786959648132324219e-01
-8.698132038116455078e-01 -1.051460266113281250e+00 1.071311473846435547e+00
-1.080850362777709961e+00 -8.487749099731445312e-02 1.134493827819824219e+00
-4.010262489318847656e-01 -8.925288915634155273e-01 1.545688152313232422e+00
-7.761847972869873047e-01 -8.403067588806152344e-01 1.577257633209228516e+00
-9.321808815002441406e-02 -3.985425233840942383e-01 1.231050491333007812e+00
-9.540466070175170898e-01 -7.727351188659667969e-01 5.563635826110839844e-01
-5.481595993041992188e-01 -1.094127178192138672e+00 6.706161499023437500e-01
-1.691269874572753906e-01 -9.509160518646240234e-01 7.573194503784179688e-01
-2.535760402679443359e-01 -9.614549875259399414e-01 1.003713607788085938e+00
-1.062472701072692871e+00 -2.337241172790527344e-02 6.561756134033203125e-01
-7.900797128677368164e-01 -3.007100820541381836e-01 5.387859344482421875e-01
-8.172860145568847656e-01 -6.625831127166748047e-01 7.458963394165039062e-01
8.954858779907226562e-02 -9.101200103759765625e-02 1.361708641052246094e+00
7.500848770141601562e-01 -3.508710861206054688e-02 7.293887138366699219e-01
8.865237236022949219e-01 -1.000201821327209473e+00 9.543294906616210938e-01
3.658003807067871094e-01 -7.553042173385620117e-01 1.466690540313720703e+00
1.345767974853515625e-01 -8.386874198913574219e-02 5.622596740722656250e-01
9.175093173980712891e-01 -3.191463947296142578e-01 1.325802803039550781e+00
7.019965648651123047e-01 -4.513219594955444336e-01 8.125085830688476562e-01
6.299891471862792969e-01 -8.381962776184082031e-02 1.124836444854736328e+00
5.627560615539550781e-02 -6.267015933990478516e-01 9.112601280212402344e-01
5.736663341522216797e-01 -8.315918445587158203e-01 1.021395683288574219e+00
8.561434745788574219e-01 -9.804925918579101562e-01 1.349981784820556641e+00
1.241701126098632812e+00 -6.063907146453857422e-01 7.078132629394531250e-01
1.192038774490356445e+00 -3.493804931640625000e-01 1.477100372314453125e+00
-1.486688017845153809e+00 8.279991149902343750e-02 1.138851165771484375e+00
-1.228519082069396973e+00 4.075918197631835938e-01 1.563983917236328125e+00
-1.397746086120605469e+00 3.507211208343505859e-01 6.917228698730468750e-01
-1.311144471168518066e+00 7.151203155517578125e-01 7.128610610961914062e-01
-1.189928293228149414e+00 7.899074554443359375e-01 8.301301002502441406e-01
-3.939666748046875000e-01 1.054262399673461914e+00 1.255880355834960938e+00
-8.902926445007324219e-01 7.445044517517089844e-01 1.467897415161132812e+00
-4.307069778442382812e-01 2.438790798187255859e-01 5.730590820312500000e-01
-2.370786666870117188e-02 1.903147697448730469e-01 9.428691864013671875e-01
-4.941096305847167969e-01 9.753861427307128906e-01 8.453979492187500000e-01
-7.722544670104980469e-02 9.652423858642578125e-01 7.516031265258789062e-01
-3.461878299713134766e-01 9.950711727142333984e-01 1.606135368347167969e+00
-7.702460289001464844e-01 3.435578346252441406e-01 1.063780784606933594e+00
-2.675145864486694336e-01 7.718596458435058594e-01 1.144425392150878906e+00
-7.650239467620849609e-01 5.076112747192382812e-01 1.412547111511230469e+00
-2.745150327682495117e-01 1.678440570831298828e-01 1.095850944519042969e+00
-1.009328007698059082e+00 3.208801746368408203e-01 8.490567207336425781e-01
-3.922746181488037109e-01 9.494347572326660156e-01 7.264032363891601562e-01
-1.540126800537109375e-01 8.180205821990966797e-01 1.546316623687744141e+00
-3.969444036483764648e-01 4.673905372619628906e-01 9.864473342895507812e-01
9.014034271240234375e-01 3.601698875427246094e-01 1.504376411437988281e+00
2.605443000793457031e-01 9.783427715301513672e-01 1.293517112731933594e+00
2.868762016296386719e-01 2.266390323638916016e-01 1.445423603057861328e+00
7.162733078002929688e-01 5.312719345092773438e-01 9.393587112426757812e-01
7.120275497436523438e-01 1.038779497146606445e+00 8.026766777038574219e-01
4.266285896301269531e-01 1.542234420776367188e-01 1.071053028106689453e+00
2.628872394561767578e-01 1.359384059906005859e-01 8.801293373107910156e-01
2.658333778381347656e-01 4.863491058349609375e-01 1.257843017578125000e+00
8.245792388916015625e-01 8.620328903198242188e-01 1.169119834899902344e+00
7.705645561218261719e-01 1.105223417282104492e+00 1.175117492675781250e+00
9.339709281921386719e-01 7.016897201538085938e-03 1.563298225402832031e+00
1.084865570068359375e+00 5.396492481231689453e-01 7.643623352050781250e-01
1.255356311798095703e+00 6.357965469360351562e-01 1.574664592742919922e+00
1.130588293075561523e+00 4.058330059051513672e-01 1.235740661621093750e+00
1.221649885177612305e+00 2.556138038635253906e-01 6.060681343078613281e-01
1.279605388641357422e+00 7.077121734619140625e-02 1.388813018798828125e+00
-2.452349662780761719e-02 1.244796514511108398e+00 1.337062358856201172e+00
-8.826253414154052734e-01 1.210009813308715820e+00 9.124784469604492188e-01
8.088374137878417969e-01 1.255457639694213867e+00 1.515406608581542969e+00
-5.803411006927490234e-01 -1.173158645629882812e+00 1.829994201660156250e+00
3.091616630554199219e-01 -1.424489617347717285e+00 2.351410865783691406e+00
8.212313652038574219e-01 -1.217721223831176758e+00 2.230730533599853516e+00
1.568524837493896484e-01 -1.309171676635742188e+00 1.889841556549072266e+00
2.165000438690185547e-01 -1.159191131591796875e+00 1.609018325805664062e+00
-1.153857707977294922e+00 -5.699478387832641602e-01 1.860085010528564453e+00
-1.419168949127197266e+00 -2.412526607513427734e-01 2.367135047912597656e+00
-3.537971973419189453e-01 -4.636647701263427734e-01 1.611692905426025391e+00
-6.339566707611083984e-01 -9.493187665939331055e-01 2.316321849822998047e+00
-3.186786174774169922e-01 -1.033357143402099609e+00 2.287159442901611328e+00
-8.579549789428710938e-01 -9.343550205230712891e-01 2.140964508056640625e+00
-3.493772745132446289e-01 -3.590201139450073242e-01 2.201582908630371094e+00
-1.008587837219238281e+00 -8.615087270736694336e-01 1.900177955627441406e+00
-1.071531653404235840e+00 -8.356291055679321289e-01 2.436430931091308594e+00
-6.593554019927978516e-01 -7.400655746459960938e-02 2.489067554473876953e+00
-7.437593936920166016e-01 -1.741504669189453125e-01 2.400094985961914062e+00
-1.723759174346923828e-01 -8.685350418090820312e-03 1.711347579956054688e+00
-3.427886962890625000e-02 -2.071619033813476562e-02 2.302647590637207031e+00
-7.132985591888427734e-01 -1.714906692504882812e-01 1.755391120910644531e+00
-7.638216018676757812e-03 -5.103845596313476562e-01 1.733746051788330078e+00
2.305495738983154297e-01 -3.944039344787597656e-01 2.048804283142089844e+00
1.038584470748901367e+00 -7.351034879684448242e-01 1.705053329467773438e+00
6.707708835601806641e-01 -2.395596504211425781e-01 2.216938495635986328e+00
4.064075946807861328e-01 -6.983182430267333984e-01 2.348831176757812500e+00
1.858282089233398438e-02 -7.858452796936035156e-01 1.898796081542968750e+00
5.540916919708251953e-01 -5.467351675033569336e-01 1.664097309112548828e+00
5.200028419494628906e-01 -1.004003643989562988e+00 2.405693531036376953e+00
5.634064674377441406e-01 -3.231247663497924805e-01 1.730239868164062500e+00
2.112071514129638672e-01 -2.559015750885009766e-01 2.241772651672363281e+00
9.815983772277832031e-01 -4.852240085601806641e-01 2.274430751800537109e+00
6.421957015991210938e-01 -5.505437850952148438e-01 2.477735519409179688e+00
7.386498451232910156e-01 -8.574686050415039062e-01 1.648106575012207031e+00
1.353686332702636719e+00 -4.722186326980590820e-01 2.253753662109375000e+00
1.377730369567871094e+00 -5.307798385620117188e-01 2.068038940429687500e+00
1.387943029403686523e+00 -2.676099538803100586e-01 1.845655441284179688e+00
-1.042869687080383301e+00 3.067326545715332031e-02 2.013812065124511719e+00
-8.351168632507324219e-01 1.644275188446044922e-01 1.732887268066406250e+00
-3.603703975677490234e-01 3.217568397521972656e-01 2.423890590667724609e+00
-7.984976768493652344e-01 2.495803833007812500e-01 1.854069709777832031e+00
-7.340037822723388672e-01 6.626853942871093750e-01 1.758672714233398438e+00
-5.307004451751708984e-01 2.020008563995361328e-01 1.849037170410156250e+00
-1.000030875205993652e+00 9.269917011260986328e-01 2.060533523559570312e+00
-8.768339157104492188e-01 8.090119361877441406e-01 2.496116161346435547e+00
-2.086212635040283203e-01 5.306034088134765625e-01 2.218681335449218750e+00
-7.358052730560302734e-01 1.632161140441894531e-01 2.120930194854736328e+00
-3.285859823226928711e-01 8.410272598266601562e-01 2.054247379302978516e+00
9.476208686828613281e-01 7.391333580017089844e-02 2.208587169647216797e+00
7.826006412506103516e-01 4.404978752136230469e-01 2.287259101867675781e+00
8.762469291687011719e-01 6.822242736816406250e-01 1.995187282562255859e+00
1.096463203430175781e-02 3.927612304687500000e-01 2.180867195129394531e+00
6.249918937683105469e-01 9.592432975769042969e-01 1.652590751647949219e+00
9.053959846496582031e-01 3.728432655334472656e-01 2.208135128021240234e+00
4.424488544464111328e-01 4.438502788543701172e-01 1.861486434936523438e+00
2.210481166839599609e-01 3.941812515258789062e-01 2.107786178588867188e+00
5.847516059875488281e-01 8.698863983154296875e-01 2.071502685546875000e+00
1.564514636993408203e-01 3.498728275299072266e-01 1.692145824432373047e+00
4.334163665771484375e-01 9.591259956359863281e-01 2.338430881500244141e+00
4.160404205322265625e-03 9.957394599914550781e-01 2.257842063903808594e+00
1.304170846939086914e+00 1.951117515563964844e-01 2.397171020507812500e+00
1.289171934127807617e+00 5.201301574707031250e-01 2.075018882751464844e+00
-3.297280073165893555e-01 1.211430549621582031e+00 2.297605514526367188e+00
-6.394402980804443359e-01 1.291796207427978516e+00 1.790316581726074219e+00
2.809875011444091797e-01 1.391615390777587891e+00 1.688882350921630859e+00
8.828473091125488281e-02 1.445613861083984375e+00 1.809757232666015625e+00
3.612594604492187500e-01 1.230305194854736328e+00 2.143042564392089844e+00
