9.442830085754394531e-02 -1.347448706626892090e+00 -7.257182598114013672e-01
-6.180011034011840820e-01 -6.584579944610595703e-01 -6.647697687149047852e-01
-2.977361679077148438e-01 -5.083954334259033203e-01 -8.236599564552307129e-01
2.972081899642944336e-01 -1.260919570922851562e-01 -7.453392744064331055e-01
5.031709671020507812e-01 -6.026868820190429688e-01 -7.158109545707702637e-01
-5.620990395545959473e-01 4.505541324615478516e-01 -5.378866195678710938e-01
1.780012845993041992e-01 8.377213478088378906e-01 -5.284597277641296387e-01
3.002190589904785156e-02 1.951560974121093750e-01 -9.466477036476135254e-01
-9.364509582519531250e-02 1.187976837158203125e+00 -5.320482254028320312e-01
-5.435588359832763672e-01 -1.575644969940185547e+00 1.979436874389648438e-01
-6.611185073852539062e-01 -1.339395761489868164e+00 1.032847166061401367e-01
-2.258847951889038086e-01 -1.342618465423583984e+00 1.120814085006713867e-01
-2.066742181777954102e-01 -1.691738367080688477e+00 -4.298362731933593750e-01
-3.041517734527587891e-01 -1.848349928855895996e+00 -1.225041151046752930e-01
4.657912254333496094e-01 -1.520952701568603516e+00 -4.230458736419677734e-01
3.677704334259033203e-01 -1.570024967193603516e+00 4.006569385528564453e-01
4.765836000442504883e-01 -1.705210924148559570e+00 1.623812913894653320e-01
1.242358684539794922e-01 -1.276703000068664551e+00 -1.146862506866455078e-01
-3.064844608306884766e-01 -1.087308764457702637e+00 -1.382350921630859375e-03
-8.188837766647338867e-01 -5.098507404327392578e-01 1.923459768295288086e-01
-8.132714629173278809e-01 -7.556881904602050781e-01 -6.030166149139404297e-02
-6.681435704231262207e-01 -5.089628696441650391e-01 3.058207035064697266e-02
1.778424978256225586e-01 -3.808696269989013672e-01 2.754998207092285156e-01
5.985474586486816406e-02 -9.175138473510742188e-01 -4.278457164764404297e-02
4.058091640472412109e-01 -7.778763771057128906e-01 2.990401983261108398e-01
2.431159019470214844e-01 -4.810013771057128906e-01 -4.926210641860961914e-01
-1.260790824890136719e-01 -9.102654457092285156e-02 -3.416702747344970703e-01
-1.713569164276123047e-01 -7.243354320526123047e-01 -3.703222274780273438e-01
-5.825448036193847656e-02 -4.543368816375732422e-01 1.198167800903320312e-01
-3.511083126068115234e-01 -2.563569545745849609e-01 -3.555810451507568359e-01
1.307287216186523438e-01 -9.491920471191406250e-01 3.106944561004638672e-01
7.711262702941894531e-01 -7.502651214599609375e-01 -2.363160848617553711e-01
6.083915233612060547e-01 -2.064449787139892578e-01 -1.853479146957397461e-01
7.868216037750244141e-01 -6.856040954589843750e-01 4.173226356506347656e-01
-5.785129070281982422e-01 7.975630760192871094e-01 -2.638001441955566406e-01
-8.467092514038085938e-01 3.543105125427246094e-01 -1.346573829650878906e-01
-7.792503237724304199e-01 4.687452316284179688e-02 2.981783151626586914e-01
8.075499534606933594e-02 2.801182270050048828e-01 -4.113912582397460938e-01
-2.208703756332397461e-01 8.059482574462890625e-01 2.757215499877929688e-01
-1.969003677368164062e-01 1.816241741180419922e-01 7.196855545043945312e-02
3.283311128616333008e-01 5.256354808807373047e-01 1.319313049316406250e-01
-7.954359054565429688e-02 7.787196636199951172e-01 -1.270292997360229492e-01
-4.161245822906494141e-01 4.301395416259765625e-01 -5.502188205718994141e-02
4.764307737350463867e-01 3.887109756469726562e-01 -4.775552749633789062e-01
6.249289512634277344e-01 4.914002418518066406e-01 3.572809696197509766e-01
6.334602832794189453e-01 6.859829425811767578e-01 -2.710362672805786133e-01
6.199531555175781250e-01 2.593984603881835938e-01 4.026298522949218750e-01
-7.027125358581542969e-01 1.029375553131103516e+00 -3.905785083770751953e-01
-2.753729820251464844e-01 1.552676200866699219e+00 4.757114648818969727e-01
-1.520335674285888672e-01 1.278664588928222656e+00 3.177106380462646484e-02
4.392881393432617188e-01 1.264183521270751953e+00 2.742725610733032227e-01
2.661085128784179688e-01 1.604280471801757812e+00 2.394443750381469727e-01
1.619576215744018555e-01 1.486495018005371094e+00 -1.211131811141967773e-01
-1.829742193222045898e-01 1.037133693695068359e+00 3.053169250488281250e-01
6.767103672027587891e-01 1.111109733581542969e+00 -3.957738876342773438e-01
-2.886497974395751953e-01 -1.100239276885986328e+00 5.909225940704345703e-01
-3.805568218231201172e-01 -4.273214340209960938e-01 8.504743576049804688e-01
-7.635343074798583984e-02 -7.863452434539794922e-01 7.014985084533691406e-01
2.435593605041503906e-01 -3.375463485717773438e-01 7.425603866577148438e-01
-2.143751382827758789e-01 -2.458357810974121094e-01 5.648248195648193359e-01
5.124173164367675781e-01 -2.535824775695800781e-01 8.412234783172607422e-01
-7.544187307357788086e-01 3.387005329132080078e-01 5.619597434997558594e-01
1.266856193542480469e-01 1.291787624359130859e-01 5.390744209289550781e-01
-1.286387443542480469e-01 5.089936256408691406e-01 5.611166954040527344e-01
8.502373695373535156e-01 1.959240436553955078e-01 5.125942230224609375e-01
6.628153324127197266e-01 1.001650810241699219e+00 5.151162147521972656e-01
