5.099594593048095703e-02 -2.808628082275390625e-01 -2.762498617172241211e+00
-3.948808908462524414e-01 -1.419763207435607910e+00 -1.682897329330444336e+00
3.936464786529541016e-01 -2.677655220031738281e-01 -1.858313083648681641e+00
-1.096354722976684570e-01 -8.834333419799804688e-01 -2.072890996932983398e+00
-3.837780952453613281e-01 -3.924412727355957031e-01 -2.153230428695678711e+00
2.486577033996582031e-01 -6.744756698608398438e-01 -2.490115642547607422e+00
3.733834028244018555e-01 3.741648197174072266e-01 -1.500146627426147461e+00
-3.304115533828735352e-01 9.662532806396484375e-02 -2.356589555740356445e+00
-2.337898015975952148e-01 7.140727043151855469e-01 -1.619658946990966797e+00
-1.160163879394531250e-01 8.379681110382080078e-01 -1.970353126525878906e+00
2.996047735214233398e-01 2.495694160461425781e-01 -2.024522781372070312e+00
4.377586841583251953e-01 1.115694046020507812e+00 -1.814978361129760742e+00
-5.188450813293457031e-01 -1.095902919769287109e+00 -1.325807094573974609e+00
-7.880270481109619141e-02 -1.587072968482971191e+00 -6.049227714538574219e-01
-4.422998428344726562e-02 -1.179618120193481445e+00 -5.502057075500488281e-01
-6.112511754035949707e-01 -2.139666080474853516e-01 -1.492162227630615234e+00
-8.561952114105224609e-01 -3.082807064056396484e-01 -1.049510002136230469e+00
-1.454432010650634766e-01 -2.593569755554199219e-01 -1.256887912750244141e+00
4.572789669036865234e-01 -9.469561576843261719e-01 -8.533630371093750000e-01
3.855082988739013672e-01 -5.848584175109863281e-01 -1.123003005981445312e+00
-3.707849979400634766e-02 -7.575333118438720703e-01 -1.495062112808227539e+00
5.052390098571777344e-01 -3.717746734619140625e-01 -8.866772651672363281e-01
7.732195854187011719e-01 -1.234784126281738281e-01 -1.059681892395019531e+00
-7.267661094665527344e-01 7.834446430206298828e-01 -1.446906089782714844e+00
-7.388604283332824707e-01 9.863004684448242188e-01 -6.203715801239013672e-01
-5.602932572364807129e-01 4.365611076354980469e-02 -6.477048397064208984e-01
-5.063573122024536133e-01 3.324370384216308594e-01 -1.091870546340942383e+00
-1.171442270278930664e-01 5.948021411895751953e-01 -8.516249656677246094e-01
1.004548072814941406e-01 2.015993595123291016e-01 -1.023751497268676758e+00
5.192120075225830078e-01 7.935788631439208984e-01 -1.272430658340454102e+00
7.369239330291748047e-01 6.733670234680175781e-01 -1.413656949996948242e+00
7.196791172027587891e-01 4.661586284637451172e-01 -6.665096282958984375e-01
-7.490348815917968750e-02 1.363477706909179688e+00 -1.187292814254760742e+00
-3.601118326187133789e-01 1.221629619598388672e+00 -5.615711212158203125e-01
3.355946540832519531e-01 1.375613689422607422e+00 -1.252109527587890625e+00
4.482728242874145508e-01 1.187090873718261719e+00 -5.462665557861328125e-01
6.781649589538574219e-02 -1.873210906982421875e+00 -1.228747367858886719e-01
-2.225298881530761719e-01 -1.765789508819580078e+00 -1.035284996032714844e-01
-8.449983596801757812e-02 -1.264665603637695312e+00 3.640213012695312500e-01
5.218377113342285156e-01 -1.204130530357360840e+00 3.618636131286621094e-01
-5.066189169883728027e-01 -9.380238056182861328e-01 -1.318559646606445312e-01
1.788295507431030273e-01 -2.314510345458984375e-01 -1.020574569702148438e-02
-4.331177473068237305e-01 -4.683890342712402344e-01 -4.170589447021484375e-01
-3.937292098999023438e-01 -8.892781734466552734e-01 2.603445053100585938e-01
1.044801473617553711e-01 -9.130613803863525391e-01 -1.256031990051269531e-01
-2.164825201034545898e-01 -1.377565860748291016e-01 2.500553131103515625e-01
4.232727289199829102e-01 -9.854404926300048828e-01 -1.457214355468750000e-02
7.063293457031250000e-01 -3.917672634124755859e-01 -4.356317520141601562e-01
8.553535938262939453e-01 -4.162855148315429688e-01 3.298387527465820312e-01
7.555174827575683594e-01 -3.852441310882568359e-01 -1.973872184753417969e-01
-8.503129482269287109e-01 1.627464294433593750e-01 -7.774209976196289062e-02
-7.144553661346435547e-01 2.915709018707275391e-01 3.626461029052734375e-01
-5.583152174949645996e-01 8.872494697570800781e-01 1.201515197753906250e-01
1.754987239837646484e-01 8.455569744110107422e-01 3.123855590820312500e-02
2.207310199737548828e-01 2.792532444000244141e-01 3.150105476379394531e-01
1.574852466583251953e-01 3.444130420684814453e-01 -4.801111221313476562e-01
9.283411502838134766e-01 3.088355064392089844e-01 1.544237136840820312e-01
9.138550758361816406e-01 5.540037155151367188e-01 -3.918852806091308594e-01
-8.147757649421691895e-01 1.089732170104980469e+00 2.799129486083984375e-02
-9.604215621948242188e-02 1.262171745300292969e+00 -2.118425369262695312e-01
6.244301795959472656e-03 1.623925685882568359e+00 -1.287713050842285156e-01
3.230443000793457031e-01 1.547007560729980469e+00 -4.525136947631835938e-02
4.864140748977661133e-01 1.160667896270751953e+00 3.633046150207519531e-01
4.082920551300048828e-01 -1.632323861122131348e+00 1.165787696838378906e+00
-7.830842733383178711e-01 -4.510951042175292969e-01 6.532001495361328125e-01
-1.988575458526611328e-01 -8.733229637145996094e-01 1.375301361083984375e+00
-4.726418256759643555e-01 -2.021877765655517578e-01 1.219937324523925781e+00
-1.392599344253540039e-01 -6.981368064880371094e-01 9.808630943298339844e-01
3.086490631103515625e-01 -7.857489585876464844e-01 1.079390525817871094e+00
7.870450019836425781e-01 -3.319249153137207031e-01 9.349999427795410156e-01
-7.998747825622558594e-01 9.332382678985595703e-01 1.123984336853027344e+00
3.946757316589355469e-02 2.400488853454589844e-01 8.716197013854980469e-01
-3.635497093200683594e-01 4.189519882202148438e-01 1.118007183074951172e+00
4.838123321533203125e-01 1.489911079406738281e-01 1.090165138244628906e+00
5.029697418212890625e-01 9.033677577972412109e-01 9.771447181701660156e-01
7.043166160583496094e-01 4.438388347625732422e-01 1.375166893005371094e+00
-4.702844619750976562e-01 1.274764060974121094e+00 6.173372268676757812e-01
-2.628980875015258789e-01 1.030943870544433594e+00 6.147589683532714844e-01
2.461972236633300781e-01 1.726624488830566406e+00 8.914909362792968750e-01
1.437813043594360352e-01 1.515743255615234375e+00 1.265624523162841797e+00
-3.099333047866821289e-01 1.288615226745605469e+00 1.154137611389160156e+00
4.974797964096069336e-01 1.023395061492919922e+00 1.478971481323242188e+00
1.299179792404174805e-01 1.045689582824707031e+00 1.477278232574462891e+00
1.451256275177001953e-01 -1.242494344711303711e+00 1.875022888183593750e+00
-5.375031232833862305e-01 -8.276925086975097656e-01 2.134963512420654297e+00
-6.819753050804138184e-01 -4.425578117370605469e-01 2.082904815673828125e+00
-5.293464660644531250e-02 -1.078970432281494141e-01 1.666292667388916016e+00
3.512883186340332031e-01 -9.274003505706787109e-01 1.812477111816406250e+00
1.460644006729125977e-01 -2.957572937011718750e-01 2.320172309875488281e+00
-5.395287275314331055e-01 1.638395786285400391e-01 1.900050163269042969e+00
3.476585149765014648e-01 1.908438205718994141e-01 1.915869712829589844e+00
1.197979450225830078e-01 6.858425140380859375e-01 2.215750694274902344e+00
-3.912830352783203125e-01 6.339092254638671875e-01 1.620793819427490234e+00
-4.466379880905151367e-01 1.100324630737304688e+00 2.056873321533203125e+00
-4.666709899902343750e-02 -7.368760108947753906e-01 2.548614501953125000e+00
-1.002569198608398438e-01 3.255162239074707031e-01 2.753974914550781250e+00
3.781349658966064453e-01 7.618260383605957031e-02 2.563799858093261719e+00
