-7.821063995361328125e-01 -6.463187336921691895e-01 -5.456930398941040039e-01
-8.930063247680664062e-02 -5.047025680541992188e-01 -8.488844633102416992e-01
-1.476804494857788086e+00 -1.137151718139648438e-01 -6.521955132484436035e-01
-6.299891471862792969e-01 -1.368188858032226562e-02 -5.980110168457031250e-01
-2.113792896270751953e-01 -2.064298391342163086e-01 -9.656448960304260254e-01
-3.537893295288085938e-02 -6.124508380889892578e-02 -6.508123278617858887e-01
8.479104042053222656e-01 -4.504866600036621094e-01 -6.492341756820678711e-01
3.781681060791015625e-01 2.219581604003906250e-01 -5.466209053993225098e-01
9.039969444274902344e-01 1.805305480957031250e-03 -6.416025161743164062e-01
-7.082333564758300781e-01 6.356344223022460938e-01 -6.660793423652648926e-01
2.728652954101562500e-01 6.829380989074707031e-01 -7.039790153503417969e-01
-1.331037044525146484e+00 -6.381346583366394043e-01 -1.726628541946411133e-01
-6.856513023376464844e-01 -8.174889683723449707e-01 -3.001173734664916992e-01
-8.847708702087402344e-01 -6.827733516693115234e-01 2.732775211334228516e-01
7.439637184143066406e-02 -8.158178329467773438e-01 -4.185875654220581055e-01
7.088117599487304688e-01 -7.401304244995117188e-01 3.090920448303222656e-01
5.966162681579589844e-02 -9.549732804298400879e-01 1.661062240600585938e-02
7.115840911865234375e-01 -7.072761654853820801e-01 -4.557964801788330078e-01
2.215409278869628906e-02 -7.466365098953247070e-01 4.502717256546020508e-01
-1.684347629547119141e+00 3.677344322204589844e-01 3.085790872573852539e-01
-1.148895502090454102e+00 2.475666999816894531e-01 2.297475337982177734e-01
-1.170779109001159668e+00 -1.862615346908569336e-01 -3.241990804672241211e-01
-1.530132532119750977e+00 -2.636055946350097656e-01 4.052839279174804688e-01
-1.887834548950195312e+00 1.440596580505371094e-01 -2.937629222869873047e-01
-1.441829919815063477e+00 4.203507900238037109e-01 -1.262323856353759766e-01
-1.462964057922363281e+00 -1.279811859130859375e-01 1.136072874069213867e-01
-6.334967613220214844e-01 -3.805807828903198242e-01 4.663112163543701172e-01
-8.627939224243164062e-01 -1.244306564331054688e-01 -5.691611766815185547e-02
-2.223105430603027344e-01 -3.554294109344482422e-01 1.729065179824829102e-01
-2.725629806518554688e-01 -2.427004575729370117e-01 -3.168021440505981445e-01
-9.807631969451904297e-01 6.629884243011474609e-02 -2.791042327880859375e-01
-3.379046916961669922e-01 3.740491867065429688e-01 -4.372799396514892578e-01
-6.400709152221679688e-01 4.480739831924438477e-01 4.619013071060180664e-01
-4.084637165069580078e-01 -4.727938175201416016e-01 1.431003808975219727e-01
-3.081591129302978516e-01 3.533184528350830078e-01 -5.185770988464355469e-02
-1.015968322753906250e-01 -1.579606533050537109e-02 -1.749444007873535156e-01
-7.764682769775390625e-01 3.438451290130615234e-01 -7.097256183624267578e-02
6.229393482208251953e-01 3.061534166336059570e-01 1.460415124893188477e-01
3.443374633789062500e-01 3.219246864318847656e-03 1.029495000839233398e-01
1.758882999420166016e-01 3.831126689910888672e-01 1.316401958465576172e-01
7.257032394409179688e-01 1.073065996170043945e-01 -7.723820209503173828e-02
4.298939704895019531e-01 -4.876381158828735352e-01 -1.194510459899902344e-01
8.297290802001953125e-01 -1.921463012695312500e-01 1.536842584609985352e-01
1.111019611358642578e+00 -4.822313785552978516e-01 4.461401700973510742e-01
1.785436630249023438e+00 4.757559299468994141e-02 3.449602127075195312e-01
1.053666114807128906e+00 4.325709342956542969e-01 -4.313536882400512695e-01
1.443956375122070312e+00 1.497745513916015625e-03 2.070837020874023438e-01
1.227592945098876953e+00 2.169001102447509766e-02 -4.443724155426025391e-01
1.641687393188476562e+00 1.827269792556762695e-01 -4.539377689361572266e-01
1.608809947967529297e+00 1.340329647064208984e-01 -6.751298904418945312e-02
1.197812557220458984e+00 -4.428398609161376953e-01 -3.085098266601562500e-01
-1.389169454574584961e+00 5.643031597137451172e-01 -7.704651355743408203e-02
-4.074506759643554688e-01 6.866717338562011719e-01 -1.100295782089233398e-01
-2.304399013519287109e-01 8.837866783142089844e-01 1.395292282104492188e-01
-4.250087738037109375e-01 6.598865985870361328e-01 3.843851089477539062e-01
-9.799625873565673828e-01 6.490166187286376953e-01 1.031324863433837891e-01
5.079331398010253906e-01 6.448791027069091797e-01 -2.736277580261230469e-01
5.425369739532470703e-01 9.408483505249023438e-01 -3.590786457061767578e-02
1.450579166412353516e-01 7.357907295227050781e-01 1.900244951248168945e-01
1.278021335601806641e+00 5.070750713348388672e-01 7.450902462005615234e-02
8.248665332794189453e-01 -6.530276536941528320e-01 5.312147140502929688e-01
-9.899687767028808594e-01 -4.756716489791870117e-01 6.617994308471679688e-01
-9.538297653198242188e-01 6.159949302673339844e-02 6.270229816436767578e-01
-4.484438896179199219e-01 1.049389839172363281e-01 9.119791984558105469e-01
-1.695654392242431641e-01 1.159467697143554688e-01 6.264019012451171875e-01
1.345288753509521484e-01 -2.633247375488281250e-01 5.779359340667724609e-01
7.206783294677734375e-01 -2.073686122894287109e-01 5.419938564300537109e-01
3.630299568176269531e-01 2.805814743041992188e-01 7.381286621093750000e-01
1.223663806915283203e+00 -6.656515598297119141e-02 6.192121505737304688e-01
1.059557437896728516e+00 4.909363985061645508e-01 5.290122032165527344e-01
1.774823665618896484e-01 5.196349620819091797e-01 7.860286235809326172e-01
